1547564976,s5,0.00,0.00,0.00,0,0,0.00,0.00,0.00,0,0,0.00,0.00,0,0
1547564976,s1,0.00,0.00,0.00,0,0,0.00,0.00,0.00,0,0,0.00,0.00,0,0
1547564976,eth0,0.00,0.00,0.00,0,0,0.00,0.00,0.00,0,0,0.00,0.00,0,0
1547564976,eth1,0.00,0.00,0.00,0,0,0.00,0.00,0.00,0,0,0.00,0.00,0,0
1547564976,s2,0.00,0.00,0.00,0,0,0.00,0.00,0.00,0,0,0.00,0.00,0,0
1547564976,s1-eth2,0.00,0.00,0.00,0,0,0.00,0.00,0.00,0,0,0.00,0.00,0,0
1547564976,s1-eth1,0.00,0.00,0.00,0,0,0.00,0.00,0.00,0,0,0.00,0.00,0,0
1547564976,s3,0.00,0.00,0.00,0,0,0.00,0.00,0.00,0,0,0.00,0.00,0,0
1547564976,s2-eth2,0.00,0.00,0.00,0,0,0.00,0.00,0.00,0,0,0.00,0.00,0,0
1547564976,s2-eth1,0.00,0.00,0.00,0,0,0.00,0.00,0.00,0,0,0.00,0.00,0,0
1547564976,lo,0.00,0.00,0.00,0,0,0.00,0.00,0.00,0,0,0.00,0.00,0,0
1547564976,s4,0.00,0.00,0.00,0,0,0.00,0.00,0.00,0,0,0.00,0.00,0,0
1547564976,s3-eth2,0.00,0.00,0.00,0,0,0.00,0.00,0.00,0,0,0.00,0.00,0,0
1547564976,s3-eth1,0.00,0.00,0.00,0,0,0.00,0.00,0.00,0,0,0.00,0.00,0,0
1547564976,total,0.00,0.00,0.00,0,0,0.00,0.00,0.00,0,0,0.00,0.00,0,0
1547564977,s5,0.00,0.00,0.00,0,0,0.00,0.00,0.00,0,0,0.00,0.00,0,0
1547564977,s1,250.00,3932.00,4182.00,3932,250,3.00,25.00,28.00,25,3,0.00,0.00,0,0
1547564977,eth0,456.00,736.00,1192.00,736,456,6.00,8.00,14.00,8,6,0.00,0.00,0,0
1547564977,eth1,0.00,0.00,0.00,0,0,0.00,0.00,0.00,0,0,0.00,0.00,0,0
1547564977,s2,160.00,4367.00,4527.00,4367,160,2.00,27.00,29.00,27,2,0.00,0.00,0,0
1547564977,s1-eth2,149185.00,6032590.00,6181775.00,6032590,149185,2002.00,4006.00,6008.00,4006,2002,0.00,0.00,0,0
1547564977,s1-eth1,6032055.00,147350.00,6179405.00,147350,6032055,4012.00,1991.00,6003.00,1991,4012,0.00,0.00,0,0
1547564977,s3,160.00,4117.00,4277.00,4117,160,2.00,24.00,26.00,24,2,0.00,0.00,0,0
1547564977,s2-eth2,151127.00,6035806.00,6186933.00,6035806,151127,2011.00,4001.00,6012.00,4001,2011,0.00,0.00,0,0
1547564977,s2-eth1,6032590.00,149185.00,6181775.00,149185,6032590,4006.00,2002.00,6008.00,2002,4006,0.00,0.00,0,0
1547564977,lo,24062.00,24062.00,48124.00,24062,24062,229.00,229.00,458.00,229,229,0.00,0.00,0,0
1547564977,s4,0.00,0.00,0.00,0,0,0.00,0.00,0.00,0,0,0.00,0.00,0,0
1547564977,s3-eth2,152253.00,6036568.00,6188821.00,6036568,152253,2017.00,3990.00,6007.00,3990,2017,0.00,0.00,0,0
1547564977,s3-eth1,6035806.00,151127.00,6186933.00,151127,6035806,4001.00,2011.00,6012.00,2011,4001,0.00,0.00,0,0
1547564977,total,18578104.00,18589840.00,37167944.00,18589840,18578104,18291.00,18314.00,36605.00,18314,18291,0.00,0.00,0,0
1547564978,s5,0.00,0.00,0.00,0,0,0.00,0.00,0.00,0,0,0.00,0.00,0,0
1547564978,s1,0.00,1812.00,1812.00,1812,0,0.00,8.00,8.00,8,0,0.00,0.00,0,0
1547564978,eth0,152.00,184.00,336.00,184,152,2.00,2.00,4.00,2,2,0.00,0.00,0,0
1547564978,eth1,0.00,0.00,0.00,0,0,0.00,0.00,0.00,0,0,0.00,0.00,0,0
1547564978,s2,90.00,1829.00,1919.00,1829,90,1.00,8.00,9.00,8,1,0.00,0.00,0,0
1547564978,s1-eth2,151884.00,6188016.00,6339900.00,6188016,151884,2045.00,4094.00,6139.00,4094,2045,0.00,0.00,0,0
1547564978,s1-eth1,6188685.00,151182.00,6339867.00,151182,6188685,4096.00,2043.00,6139.00,2043,4096,0.00,0.00,0,0
1547564978,s3,90.00,1535.00,1625.00,1535,90,1.00,6.00,7.00,6,1,0.00,0.00,0,0
1547564978,s2-eth2,152643.00,6190285.00,6342928.00,6190285,152643,2048.00,4093.00,6141.00,4093,2048,0.00,0.00,0,0
1547564978,s2-eth1,6188016.00,151884.00,6339900.00,151884,6188016,4094.00,2045.00,6139.00,2045,4094,0.00,0.00,0,0
1547564978,lo,7844.00,7844.00,15688.00,7844,7844,77.00,77.00,154.00,77,77,0.00,0.00,0,0
1547564978,s4,0.00,0.00,0.00,0,0,0.00,0.00,0.00,0,0,0.00,0.00,0,0
1547564978,s3-eth2,153435.00,6190746.00,6344181.00,6190746,153435,2051.00,4089.00,6140.00,4089,2051,0.00,0.00,0,0
1547564978,s3-eth1,6190285.00,152643.00,6342928.00,152643,6190285,4093.00,2048.00,6141.00,2048,4093,0.00,0.00,0,0
1547564978,total,19033124.00,19037960.00,38071084.00,19037960,19033124,18508.00,18513.00,37021.00,18513,18508,0.00,0.00,0,0
1547564979,s5,0.00,0.00,0.00,0,0,0.00,0.00,0.00,0,0,0.00,0.00,0,0
1547564979,s1,0.00,374.00,374.00,374,0,0.00,2.00,2.00,2,0,0.00,0.00,0,0
1547564979,eth0,60.00,60.00,120.00,60,60,1.00,1.00,2.00,1,1,0.00,0.00,0,0
1547564979,eth1,0.00,0.00,0.00,0,0,0.00,0.00,0.00,0,0,0.00,0.00,0,0
1547564979,s2,0.00,267.00,267.00,267,0,0.00,1.00,1.00,1,0,0.00,0.00,0,0
1547564979,s1-eth2,152337.00,6230484.00,6382821.00,6230484,152337,2056.00,4117.00,6173.00,4117,2056,0.00,0.00,0,0
1547564979,s1-eth1,6226643.00,152144.00,6378787.00,152144,6226643,4117.00,2056.00,6173.00,2056,4117,0.00,0.00,0,0
1547564979,s3,0.00,641.00,641.00,641,0,0.00,3.00,3.00,3,0,0.00,0.00,0,0
1547564979,s2-eth2,152785.00,6227082.00,6379867.00,6227082,152785,2059.00,4113.00,6172.00,4113,2059,0.00,0.00,0,0
1547564979,s2-eth1,6230484.00,152337.00,6382821.00,152337,6230484,4117.00,2056.00,6173.00,2056,4117,0.00,0.00,0,0
1547564979,lo,1862.00,1862.00,3724.00,1862,1862,17.00,17.00,34.00,17,17,0.00,0.00,0,0
1547564979,s4,0.00,0.00,0.00,0,0,0.00,0.00,0.00,0,0,0.00,0.00,0,0
1547564979,s3-eth2,153052.00,6227082.00,6380134.00,6227082,153052,2060.00,4113.00,6173.00,4113,2060,0.00,0.00,0,0
1547564979,s3-eth1,6227082.00,152785.00,6379867.00,152785,6227082,4113.00,2059.00,6172.00,2059,4113,0.00,0.00,0,0
1547564979,total,19144304.00,19145118.00,38289424.00,19145118,19144305,18540.00,18538.00,37078.00,18538,18540,0.00,0.00,0,0
1547564980,s5,0.00,0.00,0.00,0,0,0.00,0.00,0.00,0,0,0.00,0.00,0,0
1547564980,s1,0.00,841.00,841.00,841,0,0.00,5.00,5.00,5,0,0.00,0.00,0,0
1547564980,eth0,0.00,0.00,0.00,0,0,0.00,0.00,0.00,0,0,0.00,0.00,0,0
1547564980,eth1,0.00,0.00,0.00,0,0,0.00,0.00,0.00,0,0,0.00,0.00,0,0
1547564980,s2,0.00,1275.00,1275.00,1275,0,0.00,7.00,7.00,7,0,0.00,0.00,0,0
1547564980,s1-eth2,152052.00,6199087.00,6351139.00,6199087,152052,2051.00,4098.00,6149.00,4098,2051,0.00,0.00,0,0
1547564980,s1-eth1,6202512.00,151622.00,6354134.00,151622,6202512,4102.00,2049.00,6151.00,2049,4102,0.00,0.00,0,0
1547564980,s3,0.00,971.00,971.00,971,0,0.00,6.00,6.00,6,0,0.00,0.00,0,0
1547564980,s2-eth2,152523.00,6199017.00,6351540.00,6199017,152523,2054.00,4097.00,6151.00,4097,2054,0.00,0.00,0,0
1547564980,s2-eth1,6199087.00,152052.00,6351139.00,152052,6199087,4098.00,2051.00,6149.00,2051,4098,0.00,0.00,0,0
1547564980,lo,5378.00,5378.00,10756.00,5378,5378,54.00,54.00,108.00,54,54,0.00,0.00,0,0
1547564980,s4,0.00,0.00,0.00,0,0,0.00,0.00,0.00,0,0,0.00,0.00,0,0
1547564980,s3-eth2,153027.00,6201344.00,6354371.00,6201344,153027,2057.00,4096.00,6153.00,4096,2057,0.00,0.00,0,0
1547564980,s3-eth1,6199017.00,152523.00,6351540.00,152523,6199017,4097.00,2054.00,6151.00,2054,4097,0.00,0.00,0,0
1547564980,total,19063596.00,19064110.00,38127704.00,19064110,19063596,18513.00,18517.00,37030.00,18517,18513,0.00,0.00,0,0
1547564981,s5,0.00,0.00,0.00,0,0,0.00,0.00,0.00,0,0,0.00,0.00,0,0
1547564981,s1,70.00,949.00,1019.00,949,70,1.00,6.00,7.00,6,1,0.00,0.00,0,0
1547564981,eth0,0.00,0.00,0.00,0,0,0.00,0.00,0.00,0,0,0.00,0.00,0,0
1547564981,eth1,0.00,0.00,0.00,0,0,0.00,0.00,0.00,0,0,0.00,0.00,0,0
1547564981,s2,70.00,622.00,692.00,622,70,1.00,5.00,6.00,5,1,0.00,0.00,0,0
1547564981,s1-eth2,151992.00,6212891.00,6364883.00,6212891,151992,2054.00,4109.00,6163.00,4109,2054,0.00,0.00,0,0
1547564981,s1-eth1,6214475.00,151848.00,6366323.00,151848,6214475,4111.00,2052.00,6163.00,2052,4111,0.00,0.00,0,0
1547564981,s3,70.00,210.00,280.00,210,70,1.00,3.00,4.00,3,1,0.00,0.00,0,0
1547564981,s2-eth2,151988.00,6212494.00,6364482.00,6212494,151988,2054.00,4107.00,6161.00,4107,2054,0.00,0.00,0,0
1547564981,s2-eth1,6212891.00,151992.00,6364883.00,151992,6212891,4109.00,2054.00,6163.00,2054,4109,0.00,0.00,0,0
1547564981,lo,5178.00,5178.00,10356.00,5178,5178,59.00,59.00,118.00,59,59,0.00,0.00,0,0
1547564981,s4,0.00,0.00,0.00,0,0,0.00,0.00,0.00,0,0,0.00,0.00,0,0
1547564981,s3-eth2,152058.00,6205956.00,6358014.00,6205956,152058,2055.00,4100.00,6155.00,4100,2055,0.00,0.00,0,0
1547564981,s3-eth1,6212494.00,151988.00,6364482.00,151988,6212494,4107.00,2054.00,6161.00,2054,4107,0.00,0.00,0,0
1547564981,total,19101286.00,19094128.00,38195416.00,19094128,19101286,18552.00,18549.00,37101.00,18549,18552,0.00,0.00,0,0
1547564982,s5,0.00,0.00,0.00,0,0,0.00,0.00,0.00,0,0,0.00,0.00,0,0
1547564982,s1,0.00,0.00,0.00,0,0,0.00,0.00,0.00,0,0,0.00,0.00,0,0
1547564982,eth0,0.00,0.00,0.00,0,0,0.00,0.00,0.00,0,0,0.00,0.00,0,0
1547564982,eth1,0.00,0.00,0.00,0,0,0.00,0.00,0.00,0,0,0.00,0.00,0,0
1547564982,s2,0.00,0.00,0.00,0,0,0.00,0.00,0.00,0,0,0.00,0.00,0,0
1547564982,s1-eth2,146372.00,5986356.00,6132728.00,5986356,146372,1978.00,3954.00,5932.00,3954,1978,0.00,0.00,0,0
1547564982,s1-eth1,5986698.00,146298.00,6132996.00,146298,5986698,3955.00,1977.00,5932.00,1977,3955,0.00,0.00,0,0
1547564982,s3,0.00,0.00,0.00,0,0,0.00,0.00,0.00,0,0,0.00,0.00,0,0
1547564982,s2-eth2,146298.00,5978786.00,6125084.00,5978786,146298,1977.00,3949.00,5926.00,3949,1977,0.00,0.00,0,0
1547564982,s2-eth1,5986356.00,146372.00,6132728.00,146372,5986356,3954.00,1978.00,5932.00,1978,3954,0.00,0.00,0,0
1547564982,lo,0.00,0.00,0.00,0,0,0.00,0.00,0.00,0,0,0.00,0.00,0,0
1547564982,s4,0.00,0.00,0.00,0,0,0.00,0.00,0.00,0,0,0.00,0.00,0,0
1547564982,s3-eth2,146298.00,5977272.00,6123570.00,5977272,146298,1977.00,3948.00,5925.00,3948,1977,0.00,0.00,0,0
1547564982,s3-eth1,5978786.00,146298.00,6125084.00,146298,5978786,3949.00,1977.00,5926.00,1977,3949,0.00,0.00,0,0
1547564982,total,18390808.00,18381382.00,36772192.00,18381382,18390808,17790.00,17783.00,35573.00,17783,17790,0.00,0.00,0,0
1547564983,s5,0.00,0.00,0.00,0,0,0.00,0.00,0.00,0,0,0.00,0.00,0,0
1547564983,s1,0.00,107.00,107.00,107,0,0.00,1.00,1.00,1,0,0.00,0.00,0,0
1547564983,eth0,0.00,0.00,0.00,0,0,0.00,0.00,0.00,0,0,0.00,0.00,0,0
1547564983,eth1,0.00,0.00,0.00,0,0,0.00,0.00,0.00,0,0,0.00,0.00,0,0
1547564983,s2,0.00,0.00,0.00,0,0,0.00,0.00,0.00,0,0,0.00,0.00,0,0
1547564983,s1-eth2,149850.00,6131807.00,6281657.00,6131807,149850,2025.00,4051.00,6076.00,4051,2025,0.00,0.00,0,0
1547564983,s1-eth1,6133428.00,149924.00,6283352.00,149924,6133428,4053.00,2026.00,6079.00,2026,4053,0.00,0.00,0,0
1547564983,s3,0.00,107.00,107.00,107,0,0.00,1.00,1.00,1,0,0.00,0.00,0,0
1547564983,s2-eth2,150031.00,6133214.00,6283245.00,6133214,150031,2027.00,4051.00,6078.00,4051,2027,0.00,0.00,0,0
1547564983,s2-eth1,6131807.00,149850.00,6281657.00,149850,6131807,4051.00,2025.00,6076.00,2025,4051,0.00,0.00,0,0
1547564983,lo,610.00,610.00,1220.00,610,610,6.00,6.00,12.00,6,6,0.00,0.00,0,0
1547564983,s4,0.00,0.00,0.00,0,0,0.00,0.00,0.00,0,0,0.00,0.00,0,0
1547564983,s3-eth2,150031.00,6134728.00,6284759.00,6134728,150031,2027.00,4052.00,6079.00,4052,2027,0.00,0.00,0,0
1547564983,s3-eth1,6133214.00,150031.00,6283245.00,150031,6133214,4051.00,2027.00,6078.00,2027,4051,0.00,0.00,0,0
1547564983,total,18848972.00,18850378.00,37699348.00,18850378,18848971,18240.00,18240.00,36480.00,18240,18240,0.00,0.00,0,0
1547564984,s5,0.00,0.00,0.00,0,0,0.00,0.00,0.00,0,0,0.00,0.00,0,0
1547564984,s1,0.00,589.00,589.00,589,0,0.00,4.00,4.00,4,0,0.00,0.00,0,0
1547564984,eth0,0.00,0.00,0.00,0,0,0.00,0.00,0.00,0,0,0.00,0.00,0,0
1547564984,eth1,0.00,0.00,0.00,0,0,0.00,0.00,0.00,0,0,0.00,0.00,0,0
1547564984,s2,0.00,696.00,696.00,696,0,0.00,5.00,5.00,5,0,0.00,0.00,0,0
1547564984,s1-eth2,151549.00,6177639.00,6329188.00,6177639,151549,2044.00,4083.00,6127.00,4083,2044,0.00,0.00,0,0
1547564984,s1-eth1,6176195.00,150956.00,6327151.00,150956,6176195,4083.00,2040.00,6123.00,2040,4083,0.00,0.00,0,0
1547564984,s3,0.00,659.00,659.00,659,0,0.00,5.00,5.00,5,0,0.00,0.00,0,0
1547564984,s2-eth2,151545.00,6181769.00,6333314.00,6181769,151545,2044.00,4084.00,6128.00,4084,2044,0.00,0.00,0,0
1547564984,s2-eth1,6177639.00,151549.00,6329188.00,151549,6177639,4083.00,2044.00,6127.00,2044,4083,0.00,0.00,0,0
1547564984,lo,4022.00,4022.00,8044.00,4022,4022,41.00,41.00,82.00,41,41,0.00,0.00,0,0
1547564984,s4,0.00,0.00,0.00,0,0,0.00,0.00,0.00,0,0,0.00,0.00,0,0
1547564984,s3-eth2,151722.00,6181662.00,6333384.00,6181662,151722,2046.00,4083.00,6129.00,4083,2046,0.00,0.00,0,0
1547564984,s3-eth1,6181769.00,151545.00,6333314.00,151545,6181769,4084.00,2044.00,6128.00,2044,4084,0.00,0.00,0,0
1547564984,total,18994440.00,19001086.00,37995528.00,19001086,18994441,18425.00,18433.00,36858.00,18433,18425,0.00,0.00,0,0
1547564985,s5,0.00,0.00,0.00,0,0,0.00,0.00,0.00,0,0,0.00,0.00,0,0
1547564985,s1,70.00,280.00,350.00,280,70,1.00,4.00,5.00,4,1,0.00,0.00,0,0
1547564985,eth0,0.00,0.00,0.00,0,0,0.00,0.00,0.00,0,0,0.00,0.00,0,0
1547564985,eth1,0.00,0.00,0.00,0,0,0.00,0.00,0.00,0,0,0.00,0.00,0,0
1547564985,s2,70.00,280.00,350.00,280,70,1.00,4.00,5.00,4,1,0.00,0.00,0,0
1547564985,s1-eth2,152214.00,6225848.00,6378062.00,6225848,152214,2057.00,4116.00,6173.00,4116,2057,0.00,0.00,0,0
1547564985,s1-eth1,6225918.00,152144.00,6378062.00,152144,6225918,4117.00,2056.00,6173.00,2056,4117,0.00,0.00,0,0
1547564985,s3,70.00,552.00,622.00,552,70,1.00,4.00,5.00,4,1,0.00,0.00,0,0
1547564985,s2-eth2,152700.00,6221236.00,6373936.00,6221236,152700,2060.00,4112.00,6172.00,4112,2060,0.00,0.00,0,0
1547564985,s2-eth1,6225848.00,152214.00,6378062.00,152214,6225848,4116.00,2057.00,6173.00,2057,4116,0.00,0.00,0,0
1547564985,lo,4130.00,4130.00,8260.00,4130,4130,46.00,46.00,92.00,46,46,0.00,0.00,0,0
1547564985,s4,0.00,0.00,0.00,0,0,0.00,0.00,0.00,0,0,0.00,0.00,0,0
1547564985,s3-eth2,153112.00,6219582.00,6372694.00,6219582,153112,2062.00,4109.00,6171.00,4109,2062,0.00,0.00,0,0
1547564985,s3-eth1,6221236.00,152700.00,6373936.00,152700,6221236,4112.00,2060.00,6172.00,2060,4112,0.00,0.00,0,0
1547564985,total,19135368.00,19128966.00,38264336.00,19128966,19135368,18573.00,18568.00,37141.00,18568,18573,0.00,0.00,0,0
1547564986,s5,0.00,0.00,0.00,0,0,0.00,0.00,0.00,0,0,0.00,0.00,0,0
1547564986,s1,0.00,0.00,0.00,0,0,0.00,0.00,0.00,0,0,0.00,0.00,0,0
1547564986,eth0,0.00,0.00,0.00,0,0,0.00,0.00,0.00,0,0,0.00,0.00,0,0
1547564986,eth1,0.00,0.00,0.00,0,0,0.00,0.00,0.00,0,0,0.00,0.00,0,0
1547564986,s2,0.00,0.00,0.00,0,0,0.00,0.00,0.00,0,0,0.00,0.00,0,0
1547564986,s1-eth2,152514.00,6240708.00,6393222.00,6240708,152514,2061.00,4122.00,6183.00,4122,2061,0.00,0.00,0,0
1547564986,s1-eth1,6240708.00,152514.00,6393222.00,152514,6240708,4122.00,2061.00,6183.00,2061,4122,0.00,0.00,0,0
1547564986,s3,0.00,0.00,0.00,0,0,0.00,0.00,0.00,0,0,0.00,0.00,0,0
1547564986,s2-eth2,152440.00,6240708.00,6393148.00,6240708,152440,2060.00,4122.00,6182.00,4122,2060,0.00,0.00,0,0
1547564986,s2-eth1,6240708.00,152514.00,6393222.00,152514,6240708,4122.00,2061.00,6183.00,2061,4122,0.00,0.00,0,0
1547564986,lo,344.00,344.00,688.00,344,344,6.00,6.00,12.00,6,6,0.00,0.00,0,0
1547564986,s4,0.00,0.00,0.00,0,0,0.00,0.00,0.00,0,0,0.00,0.00,0,0
1547564986,s3-eth2,152440.00,6240708.00,6393148.00,6240708,152440,2060.00,4122.00,6182.00,4122,2060,0.00,0.00,0,0
1547564986,s3-eth1,6240708.00,152440.00,6393148.00,152440,6240708,4122.00,2060.00,6182.00,2060,4122,0.00,0.00,0,0
1547564986,total,19179862.00,19179936.00,38359800.00,19179936,19179862,18553.00,18554.00,37107.00,18554,18553,0.00,0.00,0,0
1547564987,s5,0.00,0.00,0.00,0,0,0.00,0.00,0.00,0,0,0.00,0.00,0,0
1547564987,s1,0.00,0.00,0.00,0,0,0.00,0.00,0.00,0,0,0.00,0.00,0,0
1547564987,eth0,0.00,0.00,0.00,0,0,0.00,0.00,0.00,0,0,0.00,0.00,0,0
1547564987,eth1,0.00,0.00,0.00,0,0,0.00,0.00,0.00,0,0,0.00,0.00,0,0
1547564987,s2,0.00,342.00,342.00,342,0,0.00,1.00,1.00,1,0,0.00,0.00,0,0
1547564987,s1-eth2,151996.00,6219512.00,6371508.00,6219512,151996,2054.00,4108.00,6162.00,4108,2054,0.00,0.00,0,0
1547564987,s1-eth1,6219512.00,152070.00,6371582.00,152070,6219512,4108.00,2055.00,6163.00,2055,4108,0.00,0.00,0,0
1547564987,s3,0.00,0.00,0.00,0,0,0.00,0.00,0.00,0,0,0.00,0.00,0,0
1547564987,s2-eth2,151996.00,6218340.00,6370336.00,6218340,151996,2054.00,4108.00,6162.00,4108,2054,0.00,0.00,0,0
1547564987,s2-eth1,6219512.00,151996.00,6371508.00,151996,6219512,4108.00,2054.00,6162.00,2054,4108,0.00,0.00,0,0
1547564987,lo,326.00,326.00,652.00,326,326,3.00,3.00,6.00,3,3,0.00,0.00,0,0
1547564987,s4,0.00,0.00,0.00,0,0,0.00,0.00,0.00,0,0,0.00,0.00,0,0
1547564987,s3-eth2,151996.00,6219512.00,6371508.00,6219512,151996,2054.00,4108.00,6162.00,4108,2054,0.00,0.00,0,0
1547564987,s3-eth1,6218340.00,151996.00,6370336.00,151996,6218340,4108.00,2054.00,6162.00,2054,4108,0.00,0.00,0,0
1547564987,total,19113678.00,19114094.00,38227772.00,19114094,19113678,18489.00,18491.00,36980.00,18491,18489,0.00,0.00,0,0
1547564988,s5,0.00,0.00,0.00,0,0,0.00,0.00,0.00,0,0,0.00,0.00,0,0
1547564988,s1,0.00,342.00,342.00,342,0,0.00,1.00,1.00,1,0,0.00,0.00,0,0
1547564988,eth0,0.00,0.00,0.00,0,0,0.00,0.00,0.00,0,0,0.00,0.00,0,0
1547564988,eth1,0.00,0.00,0.00,0,0,0.00,0.00,0.00,0,0,0.00,0.00,0,0
1547564988,s2,0.00,0.00,0.00,0,0,0.00,0.00,0.00,0,0,0.00,0.00,0,0
1547564988,s1-eth2,152736.00,6251648.00,6404384.00,6251648,152736,2064.00,4130.00,6194.00,4130,2064,0.00,0.00,0,0
1547564988,s1-eth1,6251648.00,152736.00,6404384.00,152736,6251648,4130.00,2064.00,6194.00,2064,4130,0.00,0.00,0,0
1547564988,s3,0.00,0.00,0.00,0,0,0.00,0.00,0.00,0,0,0.00,0.00,0,0
1547564988,s2-eth2,152736.00,6251306.00,6404042.00,6251306,152736,2064.00,4129.00,6193.00,4129,2064,0.00,0.00,0,0
1547564988,s2-eth1,6251648.00,152736.00,6404384.00,152736,6251648,4130.00,2064.00,6194.00,2064,4130,0.00,0.00,0,0
1547564988,lo,326.00,326.00,652.00,326,326,3.00,3.00,6.00,3,3,0.00,0.00,0,0
1547564988,s4,0.00,0.00,0.00,0,0,0.00,0.00,0.00,0,0,0.00,0.00,0,0
1547564988,s3-eth2,152810.00,6251306.00,6404116.00,6251306,152810,2065.00,4129.00,6194.00,4129,2065,0.00,0.00,0,0
1547564988,s3-eth1,6251306.00,152736.00,6404042.00,152736,6251306,4129.00,2064.00,6193.00,2064,4129,0.00,0.00,0,0
1547564988,total,19213210.00,19213136.00,38426344.00,19213136,19213210,18585.00,18584.00,37169.00,18584,18585,0.00,0.00,0,0
1547564989,s5,0.00,0.00,0.00,0,0,0.00,0.00,0.00,0,0,0.00,0.00,0,0
1547564989,s1,0.00,0.00,0.00,0,0,0.00,0.00,0.00,0,0,0.00,0.00,0,0
1547564989,eth0,0.00,174.00,174.00,174,0,0.00,1.00,1.00,1,0,0.00,0.00,0,0
1547564989,eth1,0.00,0.00,0.00,0,0,0.00,0.00,0.00,0,0,0.00,0.00,0,0
1547564989,s2,0.00,0.00,0.00,0,0,0.00,0.00,0.00,0,0,0.00,0.00,0,0
1547564989,s1-eth2,152736.00,6249792.00,6402528.00,6249792,152736,2064.00,4128.00,6192.00,4128,2064,0.00,0.00,0,0
1547564989,s1-eth1,6251648.00,152736.00,6404384.00,152736,6251648,4130.00,2064.00,6194.00,2064,4130,0.00,0.00,0,0
1547564989,s3,0.00,0.00,0.00,0,0,0.00,0.00,0.00,0,0,0.00,0.00,0,0
1547564989,s2-eth2,152810.00,6251306.00,6404116.00,6251306,152810,2065.00,4129.00,6194.00,4129,2065,0.00,0.00,0,0
1547564989,s2-eth1,6249792.00,152736.00,6402528.00,152736,6249792,4128.00,2064.00,6192.00,2064,4128,0.00,0.00,0,0
1547564989,lo,0.00,0.00,0.00,0,0,0.00,0.00,0.00,0,0,0.00,0.00,0,0
1547564989,s4,0.00,0.00,0.00,0,0,0.00,0.00,0.00,0,0,0.00,0.00,0,0
1547564989,s3-eth2,152736.00,6251306.00,6404042.00,6251306,152736,2064.00,4129.00,6193.00,4129,2064,0.00,0.00,0,0
1547564989,s3-eth1,6251306.00,152810.00,6404116.00,152810,6251306,4129.00,2065.00,6194.00,2065,4129,0.00,0.00,0,0
1547564989,total,19211028.00,19210860.00,38421888.00,19210860,19211028,18580.00,18580.00,37160.00,18580,18580,0.00,0.00,0,0
1547564990,s5,0.00,0.00,0.00,0,0,0.00,0.00,0.00,0,0,0.00,0.00,0,0
1547564990,s1,0.00,0.00,0.00,0,0,0.00,0.00,0.00,0,0,0.00,0.00,0,0
1547564990,eth0,0.00,174.00,174.00,174,0,0.00,1.00,1.00,1,0,0.00,0.00,0,0
1547564990,eth1,0.00,0.00,0.00,0,0,0.00,0.00,0.00,0,0,0.00,0.00,0,0
1547564990,s2,0.00,0.00,0.00,0,0,0.00,0.00,0.00,0,0,0.00,0.00,0,0
1547564990,s1-eth2,151922.00,6213456.00,6365378.00,6213456,151922,2053.00,4104.00,6157.00,4104,2053,0.00,0.00,0,0
1547564990,s1-eth1,6213456.00,151848.00,6365304.00,151848,6213456,4104.00,2052.00,6156.00,2052,4104,0.00,0.00,0,0
1547564990,s3,0.00,0.00,0.00,0,0,0.00,0.00,0.00,0,0,0.00,0.00,0,0
1547564990,s2-eth2,151848.00,6213456.00,6365304.00,6213456,151848,2052.00,4104.00,6156.00,4104,2052,0.00,0.00,0,0
1547564990,s2-eth1,6213456.00,151922.00,6365378.00,151922,6213456,4104.00,2053.00,6157.00,2053,4104,0.00,0.00,0,0
1547564990,lo,172.00,172.00,344.00,172,172,3.00,3.00,6.00,3,3,0.00,0.00,0,0
1547564990,s4,0.00,0.00,0.00,0,0,0.00,0.00,0.00,0,0,0.00,0.00,0,0
1547564990,s3-eth2,151922.00,6213456.00,6365378.00,6213456,151922,2053.00,4104.00,6157.00,4104,2053,0.00,0.00,0,0
1547564990,s3-eth1,6213456.00,151848.00,6365304.00,151848,6213456,4104.00,2052.00,6156.00,2052,4104,0.00,0.00,0,0
1547564990,total,19096232.00,19096332.00,38192564.00,19096332,19096232,18473.00,18473.00,36946.00,18473,18473,0.00,0.00,0,0
1547564991,s5,0.00,0.00,0.00,0,0,0.00,0.00,0.00,0,0,0.00,0.00,0,0
1547564991,s1,0.00,107.00,107.00,107,0,0.00,1.00,1.00,1,0,0.00,0.00,0,0
1547564991,eth0,0.00,0.00,0.00,0,0,0.00,0.00,0.00,0,0,0.00,0.00,0,0
1547564991,eth1,0.00,0.00,0.00,0,0,0.00,0.00,0.00,0,0,0.00,0.00,0,0
1547564991,s2,0.00,0.00,0.00,0,0,0.00,0.00,0.00,0,0,0.00,0.00,0,0
1547564991,s1-eth2,152440.00,6237787.00,6390227.00,6237787,152440,2060.00,4121.00,6181.00,4121,2060,0.00,0.00,0,0
1547564991,s1-eth1,6236380.00,152440.00,6388820.00,152440,6236380,4121.00,2060.00,6181.00,2060,4121,0.00,0.00,0,0
1547564991,s3,0.00,107.00,107.00,107,0,0.00,1.00,1.00,1,0,0.00,0.00,0,0
1547564991,s2-eth2,152547.00,6237680.00,6390227.00,6237680,152547,2061.00,4120.00,6181.00,4120,2061,0.00,0.00,0,0
1547564991,s2-eth1,6237787.00,152440.00,6390227.00,152440,6237787,4121.00,2060.00,6181.00,2060,4121,0.00,0.00,0,0
1547564991,lo,954.00,954.00,1908.00,954,954,12.00,12.00,24.00,12,12,0.00,0.00,0,0
1547564991,s4,0.00,0.00,0.00,0,0,0.00,0.00,0.00,0,0,0.00,0.00,0,0
1547564991,s3-eth2,152473.00,6237680.00,6390153.00,6237680,152473,2060.00,4120.00,6180.00,4120,2060,0.00,0.00,0,0
1547564991,s3-eth1,6237680.00,152547.00,6390227.00,152547,6237680,4120.00,2061.00,6181.00,2061,4120,0.00,0.00,0,0
1547564991,total,19170260.00,19171742.00,38342004.00,19171742,19170261,18555.00,18556.00,37111.00,18556,18555,0.00,0.00,0,0
1547564992,s5,0.00,0.00,0.00,0,0,0.00,0.00,0.00,0,0,0.00,0.00,0,0
1547564992,s1,0.00,107.00,107.00,107,0,0.00,1.00,1.00,1,0,0.00,0.00,0,0
1547564992,eth0,0.00,0.00,0.00,0,0,0.00,0.00,0.00,0,0,0.00,0.00,0,0
1547564992,eth1,0.00,0.00,0.00,0,0,0.00,0.00,0.00,0,0,0.00,0.00,0,0
1547564992,s2,0.00,214.00,214.00,214,0,0.00,2.00,2.00,2,0,0.00,0.00,0,0
1547564992,s1-eth2,152695.00,6246871.00,6399566.00,6246871,152695,2063.00,4127.00,6190.00,4127,2063,0.00,0.00,0,0
1547564992,s1-eth1,6248385.00,152662.00,6401047.00,152662,6248385,4128.00,2063.00,6191.00,2063,4128,0.00,0.00,0,0
1547564992,s3,0.00,107.00,107.00,107,0,0.00,1.00,1.00,1,0,0.00,0.00,0,0
1547564992,s2-eth2,152769.00,6248385.00,6401154.00,6248385,152769,2064.00,4128.00,6192.00,4128,2064,0.00,0.00,0,0
1547564992,s2-eth1,6246871.00,152695.00,6399566.00,152695,6246871,4127.00,2063.00,6190.00,2063,4127,0.00,0.00,0,0
1547564992,lo,1220.00,1220.00,2440.00,1220,1220,12.00,12.00,24.00,12,12,0.00,0.00,0,0
1547564992,s4,0.00,0.00,0.00,0,0,0.00,0.00,0.00,0,0,0.00,0.00,0,0
1547564992,s3-eth2,152876.00,6248278.00,6401154.00,6248278,152876,2065.00,4127.00,6192.00,4127,2065,0.00,0.00,0,0
1547564992,s3-eth1,6248385.00,152769.00,6401154.00,152769,6248385,4128.00,2064.00,6192.00,2064,4128,0.00,0.00,0,0
1547564992,total,19203200.00,19203308.00,38406508.00,19203308,19203201,18587.00,18588.00,37175.00,18588,18587,0.00,0.00,0,0
1547564993,s5,0.00,0.00,0.00,0,0,0.00,0.00,0.00,0,0,0.00,0.00,0,0
1547564993,s1,0.00,342.00,342.00,342,0,0.00,1.00,1.00,1,0,0.00,0.00,0,0
1547564993,eth0,0.00,174.00,174.00,174,0,0.00,1.00,1.00,1,0,0.00,0.00,0,0
1547564993,eth1,0.00,0.00,0.00,0,0,0.00,0.00,0.00,0,0,0.00,0.00,0,0
1547564993,s2,0.00,0.00,0.00,0,0,0.00,0.00,0.00,0,0,0.00,0.00,0,0
1547564993,s1-eth2,151996.00,6219854.00,6371850.00,6219854,151996,2054.00,4109.00,6163.00,4109,2054,0.00,0.00,0,0
1547564993,s1-eth1,6218340.00,151996.00,6370336.00,151996,6218340,4108.00,2054.00,6162.00,2054,4108,0.00,0.00,0,0
1547564993,s3,0.00,0.00,0.00,0,0,0.00,0.00,0.00,0,0,0.00,0.00,0,0
1547564993,s2-eth2,151922.00,6221026.00,6372948.00,6221026,151922,2053.00,4109.00,6162.00,4109,2053,0.00,0.00,0,0
1547564993,s2-eth1,6219854.00,151996.00,6371850.00,151996,6219854,4109.00,2054.00,6163.00,2054,4109,0.00,0.00,0,0
1547564993,lo,326.00,326.00,652.00,326,326,3.00,3.00,6.00,3,3,0.00,0.00,0,0
1547564993,s4,0.00,0.00,0.00,0,0,0.00,0.00,0.00,0,0,0.00,0.00,0,0
1547564993,s3-eth2,152338.00,6221026.00,6373364.00,6221026,152338,2055.00,4109.00,6164.00,4109,2055,0.00,0.00,0,0
1547564993,s3-eth1,6221026.00,151922.00,6372948.00,151922,6221026,4109.00,2053.00,6162.00,2053,4109,0.00,0.00,0,0
1547564993,total,19115802.00,19118662.00,38234464.00,19118662,19115802,18491.00,18493.00,36984.00,18493,18491,0.00,0.00,0,0
1547564994,s5,0.00,0.00,0.00,0,0,0.00,0.00,0.00,0,0,0.00,0.00,0,0
1547564994,s1,0.00,0.00,0.00,0,0,0.00,0.00,0.00,0,0,0.00,0.00,0,0
1547564994,eth0,0.00,880.00,880.00,880,0,0.00,5.00,5.00,5,0,0.00,0.00,0,0
1547564994,eth1,0.00,0.00,0.00,0,0,0.00,0.00,0.00,0,0,0.00,0.00,0,0
1547564994,s2,0.00,0.00,0.00,0,0,0.00,0.00,0.00,0,0,0.00,0.00,0,0
1547564994,s1-eth2,152810.00,6251306.00,6404116.00,6251306,152810,2065.00,4129.00,6194.00,4129,2065,0.00,0.00,0,0
1547564994,s1-eth1,6251306.00,152736.00,6404042.00,152736,6251306,4129.00,2064.00,6193.00,2064,4129,0.00,0.00,0,0
1547564994,s3,0.00,0.00,0.00,0,0,0.00,0.00,0.00,0,0,0.00,0.00,0,0
1547564994,s2-eth2,152810.00,6251306.00,6404116.00,6251306,152810,2065.00,4129.00,6194.00,4129,2065,0.00,0.00,0,0
1547564994,s2-eth1,6251306.00,152810.00,6404116.00,152810,6251306,4129.00,2065.00,6194.00,2065,4129,0.00,0.00,0,0
1547564994,lo,0.00,0.00,0.00,0,0,0.00,0.00,0.00,0,0,0.00,0.00,0,0
1547564994,s4,0.00,0.00,0.00,0,0,0.00,0.00,0.00,0,0,0.00,0.00,0,0
1547564994,s3-eth2,152736.00,6251306.00,6404042.00,6251306,152736,2064.00,4129.00,6193.00,4129,2064,0.00,0.00,0,0
1547564994,s3-eth1,6251306.00,152810.00,6404116.00,152810,6251306,4129.00,2065.00,6194.00,2065,4129,0.00,0.00,0,0
1547564994,total,19212274.00,19213154.00,38425428.00,19213154,19212274,18581.00,18586.00,37167.00,18586,18581,0.00,0.00,0,0
1547564995,s5,0.00,0.00,0.00,0,0,0.00,0.00,0.00,0,0,0.00,0.00,0,0
1547564995,s1,0.00,0.00,0.00,0,0,0.00,0.00,0.00,0,0,0.00,0.00,0,0
1547564995,eth0,0.00,0.00,0.00,0,0,0.00,0.00,0.00,0,0,0.00,0.00,0,0
1547564995,eth1,0.00,0.00,0.00,0,0,0.00,0.00,0.00,0,0,0.00,0.00,0,0
1547564995,s2,0.00,342.00,342.00,342,0,0.00,1.00,1.00,1,0,0.00,0.00,0,0
1547564995,s1-eth2,152708.00,6237680.00,6390388.00,6237680,152708,2060.00,4120.00,6180.00,4120,2060,0.00,0.00,0,0
1547564995,s1-eth1,6237680.00,152440.00,6390120.00,152440,6237680,4120.00,2060.00,6180.00,2060,4120,0.00,0.00,0,0
1547564995,s3,0.00,342.00,342.00,342,0,0.00,1.00,1.00,1,0,0.00,0.00,0,0
1547564995,s2-eth2,152856.00,6237680.00,6390536.00,6237680,152856,2062.00,4120.00,6182.00,4120,2062,0.00,0.00,0,0
1547564995,s2-eth1,6237680.00,152708.00,6390388.00,152708,6237680,4120.00,2060.00,6180.00,2060,4120,0.00,0.00,0,0
1547564995,lo,652.00,652.00,1304.00,652,652,6.00,6.00,12.00,6,6,0.00,0.00,0,0
1547564995,s4,0.00,0.00,0.00,0,0,0.00,0.00,0.00,0,0,0.00,0.00,0,0
1547564995,s3-eth2,152856.00,6237680.00,6390536.00,6237680,152856,2062.00,4120.00,6182.00,4120,2062,0.00,0.00,0,0
1547564995,s3-eth1,6237680.00,152856.00,6390536.00,152856,6237680,4120.00,2062.00,6182.00,2062,4120,0.00,0.00,0,0
1547564995,total,19172112.00,19172380.00,38344492.00,19172380,19172112,18550.00,18550.00,37100.00,18550,18550,0.00,0.00,0,0
1547564996,s5,0.00,0.00,0.00,0,0,0.00,0.00,0.00,0,0,0.00,0.00,0,0
1547564996,s1,0.00,0.00,0.00,0,0,0.00,0.00,0.00,0,0,0.00,0.00,0,0
1547564996,eth0,0.00,0.00,0.00,0,0,0.00,0.00,0.00,0,0,0.00,0.00,0,0
1547564996,eth1,0.00,0.00,0.00,0,0,0.00,0.00,0.00,0,0,0.00,0.00,0,0
1547564996,s2,0.00,0.00,0.00,0,0,0.00,0.00,0.00,0,0,0.00,0.00,0,0
1547564996,s1-eth2,152144.00,6225568.00,6377712.00,6225568,152144,2056.00,4112.00,6168.00,4112,2056,0.00,0.00,0,0
1547564996,s1-eth1,6224054.00,152070.00,6376124.00,152070,6224054,4111.00,2055.00,6166.00,2055,4111,0.00,0.00,0,0
1547564996,s3,0.00,0.00,0.00,0,0,0.00,0.00,0.00,0,0,0.00,0.00,0,0
1547564996,s2-eth2,151996.00,6224054.00,6376050.00,6224054,151996,2054.00,4111.00,6165.00,4111,2054,0.00,0.00,0,0
1547564996,s2-eth1,6225568.00,152144.00,6377712.00,152144,6225568,4112.00,2056.00,6168.00,2056,4112,0.00,0.00,0,0
1547564996,lo,344.00,344.00,688.00,344,344,6.00,6.00,12.00,6,6,0.00,0.00,0,0
1547564996,s4,0.00,0.00,0.00,0,0,0.00,0.00,0.00,0,0,0.00,0.00,0,0
1547564996,s3-eth2,151996.00,6224054.00,6376050.00,6224054,151996,2054.00,4111.00,6165.00,4111,2054,0.00,0.00,0,0
1547564996,s3-eth1,6224054.00,151996.00,6376050.00,151996,6224054,4111.00,2054.00,6165.00,2054,4111,0.00,0.00,0,0
1547564996,total,19130156.00,19130230.00,38260384.00,19130230,19130156,18504.00,18505.00,37009.00,18505,18504,0.00,0.00,0,0
1547564997,s5,0.00,0.00,0.00,0,0,0.00,0.00,0.00,0,0,0.00,0.00,0,0
1547564997,s1,0.00,0.00,0.00,0,0,0.00,0.00,0.00,0,0,0.00,0.00,0,0
1547564997,eth0,0.00,140.00,140.00,140,0,0.00,1.00,1.00,1,0,0.00,0.00,0,0
1547564997,eth1,0.00,0.00,0.00,0,0,0.00,0.00,0.00,0,0,0.00,0.00,0,0
1547564997,s2,0.00,0.00,0.00,0,0,0.00,0.00,0.00,0,0,0.00,0.00,0,0
1547564997,s1-eth2,152736.00,6251306.00,6404042.00,6251306,152736,2064.00,4129.00,6193.00,4129,2064,0.00,0.00,0,0
1547564997,s1-eth1,6251306.00,152810.00,6404116.00,152810,6251306,4129.00,2065.00,6194.00,2065,4129,0.00,0.00,0,0
1547564997,s3,0.00,0.00,0.00,0,0,0.00,0.00,0.00,0,0,0.00,0.00,0,0
1547564997,s2-eth2,152736.00,6251306.00,6404042.00,6251306,152736,2064.00,4129.00,6193.00,4129,2064,0.00,0.00,0,0
1547564997,s2-eth1,6251306.00,152736.00,6404042.00,152736,6251306,4129.00,2064.00,6193.00,2064,4129,0.00,0.00,0,0
1547564997,lo,0.00,0.00,0.00,0,0,0.00,0.00,0.00,0,0,0.00,0.00,0,0
1547564997,s4,0.00,0.00,0.00,0,0,0.00,0.00,0.00,0,0,0.00,0.00,0,0
1547564997,s3-eth2,152810.00,6251306.00,6404116.00,6251306,152810,2065.00,4129.00,6194.00,4129,2065,0.00,0.00,0,0
1547564997,s3-eth1,6251306.00,152736.00,6404042.00,152736,6251306,4129.00,2064.00,6193.00,2064,4129,0.00,0.00,0,0
1547564997,total,19212200.00,19212340.00,38424540.00,19212340,19212200,18580.00,18581.00,37161.00,18581,18580,0.00,0.00,0,0
1547564998,s5,0.00,0.00,0.00,0,0,0.00,0.00,0.00,0,0,0.00,0.00,0,0
1547564998,s1,0.00,0.00,0.00,0,0,0.00,0.00,0.00,0,0,0.00,0.00,0,0
1547564998,eth0,0.00,140.00,140.00,140,0,0.00,1.00,1.00,1,0,0.00,0.00,0,0
1547564998,eth1,0.00,0.00,0.00,0,0,0.00,0.00,0.00,0,0,0.00,0.00,0,0
1547564998,s2,0.00,0.00,0.00,0,0,0.00,0.00,0.00,0,0,0.00,0.00,0,0
1547564998,s1-eth2,151922.00,6214970.00,6366892.00,6214970,151922,2053.00,4105.00,6158.00,4105,2053,0.00,0.00,0,0
1547564998,s1-eth1,6214970.00,151848.00,6366818.00,151848,6214970,4105.00,2052.00,6157.00,2052,4105,0.00,0.00,0,0
1547564998,s3,0.00,0.00,0.00,0,0,0.00,0.00,0.00,0,0,0.00,0.00,0,0
1547564998,s2-eth2,151922.00,6211942.00,6363864.00,6211942,151922,2053.00,4103.00,6156.00,4103,2053,0.00,0.00,0,0
1547564998,s2-eth1,6214970.00,151922.00,6366892.00,151922,6214970,4105.00,2053.00,6158.00,2053,4105,0.00,0.00,0,0
1547564998,lo,172.00,172.00,344.00,172,172,3.00,3.00,6.00,3,3,0.00,0.00,0,0
1547564998,s4,0.00,0.00,0.00,0,0,0.00,0.00,0.00,0,0,0.00,0.00,0,0
1547564998,s3-eth2,151848.00,6208914.00,6360762.00,6208914,151848,2052.00,4101.00,6153.00,4101,2052,0.00,0.00,0,0
1547564998,s3-eth1,6211942.00,151922.00,6363864.00,151922,6211942,4103.00,2053.00,6156.00,2053,4103,0.00,0.00,0,0
1547564998,total,19097746.00,19091830.00,38189576.00,19091830,19097746,18474.00,18471.00,36945.00,18471,18474,0.00,0.00,0,0
1547564999,s5,0.00,0.00,0.00,0,0,0.00,0.00,0.00,0,0,0.00,0.00,0,0
1547564999,s1,0.00,0.00,0.00,0,0,0.00,0.00,0.00,0,0,0.00,0.00,0,0
1547564999,eth0,0.00,0.00,0.00,0,0,0.00,0.00,0.00,0,0,0.00,0.00,0,0
1547564999,eth1,0.00,0.00,0.00,0,0,0.00,0.00,0.00,0,0,0.00,0.00,0,0
1547564999,s2,0.00,0.00,0.00,0,0,0.00,0.00,0.00,0,0,0.00,0.00,0,0
1547564999,s1-eth2,151848.00,6214970.00,6366818.00,6214970,151848,2052.00,4105.00,6157.00,4105,2052,0.00,0.00,0,0
1547564999,s1-eth1,6214970.00,151922.00,6366892.00,151922,6214970,4105.00,2053.00,6158.00,2053,4105,0.00,0.00,0,0
1547564999,s3,0.00,342.00,342.00,342,0,0.00,1.00,1.00,1,0,0.00,0.00,0,0
1547564999,s2-eth2,152264.00,6216484.00,6368748.00,6216484,152264,2054.00,4106.00,6160.00,4106,2054,0.00,0.00,0,0
1547564999,s2-eth1,6214970.00,151848.00,6366818.00,151848,6214970,4105.00,2052.00,6157.00,2052,4105,0.00,0.00,0,0
1547564999,lo,326.00,326.00,652.00,326,326,3.00,3.00,6.00,3,3,0.00,0.00,0,0
1547564999,s4,0.00,0.00,0.00,0,0,0.00,0.00,0.00,0,0,0.00,0.00,0,0
1547564999,s3-eth2,152264.00,6221026.00,6373290.00,6221026,152264,2054.00,4109.00,6163.00,4109,2054,0.00,0.00,0,0
1547564999,s3-eth1,6216484.00,152264.00,6368748.00,152264,6216484,4106.00,2054.00,6160.00,2054,4106,0.00,0.00,0,0
1547564999,total,19103126.00,19109182.00,38212308.00,19109182,19103126,18479.00,18483.00,36962.00,18483,18479,0.00,0.00,0,0
1547565000,s5,0.00,0.00,0.00,0,0,0.00,0.00,0.00,0,0,0.00,0.00,0,0
1547565000,s1,0.00,0.00,0.00,0,0,0.00,0.00,0.00,0,0,0.00,0.00,0,0
1547565000,eth0,0.00,0.00,0.00,0,0,0.00,0.00,0.00,0,0,0.00,0.00,0,0
1547565000,eth1,0.00,0.00,0.00,0,0,0.00,0.00,0.00,0,0,0.00,0.00,0,0
1547565000,s2,0.00,0.00,0.00,0,0,0.00,0.00,0.00,0,0,0.00,0.00,0,0
1547565000,s1-eth2,152440.00,6234652.00,6387092.00,6234652,152440,2060.00,4118.00,6178.00,4118,2060,0.00,0.00,0,0
1547565000,s1-eth1,6236166.00,152366.00,6388532.00,152366,6236166,4119.00,2059.00,6178.00,2059,4119,0.00,0.00,0,0
1547565000,s3,0.00,0.00,0.00,0,0,0.00,0.00,0.00,0,0,0.00,0.00,0,0
1547565000,s2-eth2,152514.00,6234652.00,6387166.00,6234652,152514,2061.00,4118.00,6179.00,4118,2061,0.00,0.00,0,0
1547565000,s2-eth1,6234652.00,152440.00,6387092.00,152440,6234652,4118.00,2060.00,6178.00,2060,4118,0.00,0.00,0,0
1547565000,lo,172.00,172.00,344.00,172,172,3.00,3.00,6.00,3,3,0.00,0.00,0,0
1547565000,s4,0.00,0.00,0.00,0,0,0.00,0.00,0.00,0,0,0.00,0.00,0,0
1547565000,s3-eth2,152588.00,6234652.00,6387240.00,6234652,152588,2062.00,4118.00,6180.00,4118,2062,0.00,0.00,0,0
1547565000,s3-eth1,6234652.00,152514.00,6387166.00,152514,6234652,4118.00,2061.00,6179.00,2061,4118,0.00,0.00,0,0
1547565000,total,19163184.00,19161448.00,38324632.00,19161448,19163184,18541.00,18537.00,37078.00,18537,18541,0.00,0.00,0,0
1547565001,s5,0.00,0.00,0.00,0,0,0.00,0.00,0.00,0,0,0.00,0.00,0,0
1547565001,s1,0.00,0.00,0.00,0,0,0.00,0.00,0.00,0,0,0.00,0.00,0,0
1547565001,eth0,0.00,140.00,140.00,140,0,0.00,1.00,1.00,1,0,0.00,0.00,0,0
1547565001,eth1,0.00,0.00,0.00,0,0,0.00,0.00,0.00,0,0,0.00,0.00,0,0
1547565001,s2,0.00,0.00,0.00,0,0,0.00,0.00,0.00,0,0,0.00,0.00,0,0
1547565001,s1-eth2,152144.00,6224054.00,6376198.00,6224054,152144,2056.00,4111.00,6167.00,4111,2056,0.00,0.00,0,0
1547565001,s1-eth1,6224054.00,152144.00,6376198.00,152144,6224054,4111.00,2056.00,6167.00,2056,4111,0.00,0.00,0,0
1547565001,s3,0.00,0.00,0.00,0,0,0.00,0.00,0.00,0,0,0.00,0.00,0,0
1547565001,s2-eth2,151996.00,6224054.00,6376050.00,6224054,151996,2054.00,4111.00,6165.00,4111,2054,0.00,0.00,0,0
1547565001,s2-eth1,6224054.00,152144.00,6376198.00,152144,6224054,4111.00,2056.00,6167.00,2056,4111,0.00,0.00,0,0
1547565001,lo,344.00,344.00,688.00,344,344,6.00,6.00,12.00,6,6,0.00,0.00,0,0
1547565001,s4,0.00,0.00,0.00,0,0,0.00,0.00,0.00,0,0,0.00,0.00,0,0
1547565001,s3-eth2,151922.00,6224054.00,6375976.00,6224054,151922,2053.00,4111.00,6164.00,4111,2053,0.00,0.00,0,0
1547565001,s3-eth1,6224054.00,151996.00,6376050.00,151996,6224054,4111.00,2054.00,6165.00,2054,4111,0.00,0.00,0,0
1547565001,total,19128568.00,19128930.00,38257496.00,19128930,19128568,18502.00,18506.00,37008.00,18506,18502,0.00,0.00,0,0
1547565002,s5,0.00,0.00,0.00,0,0,0.00,0.00,0.00,0,0,0.00,0.00,0,0
1547565002,s1,0.00,0.00,0.00,0,0,0.00,0.00,0.00,0,0,0.00,0.00,0,0
1547565002,eth0,0.00,174.00,174.00,174,0,0.00,1.00,1.00,1,0,0.00,0.00,0,0
1547565002,eth1,0.00,0.00,0.00,0,0,0.00,0.00,0.00,0,0,0.00,0.00,0,0
1547565002,s2,0.00,0.00,0.00,0,0,0.00,0.00,0.00,0,0,0.00,0.00,0,0
1547565002,s1-eth2,151700.00,6210428.00,6362128.00,6210428,151700,2050.00,4102.00,6152.00,4102,2050,0.00,0.00,0,0
1547565002,s1-eth1,6210428.00,151774.00,6362202.00,151774,6210428,4102.00,2051.00,6153.00,2051,4102,0.00,0.00,0,0
1547565002,s3,0.00,0.00,0.00,0,0,0.00,0.00,0.00,0,0,0.00,0.00,0,0
1547565002,s2-eth2,151774.00,6208914.00,6360688.00,6208914,151774,2051.00,4101.00,6152.00,4101,2051,0.00,0.00,0,0
1547565002,s2-eth1,6210428.00,151700.00,6362128.00,151700,6210428,4102.00,2050.00,6152.00,2050,4102,0.00,0.00,0,0
1547565002,lo,0.00,0.00,0.00,0,0,0.00,0.00,0.00,0,0,0.00,0.00,0,0
1547565002,s4,0.00,0.00,0.00,0,0,0.00,0.00,0.00,0,0,0.00,0.00,0,0
1547565002,s3-eth2,151774.00,6208914.00,6360688.00,6208914,151774,2051.00,4101.00,6152.00,4101,2051,0.00,0.00,0,0
1547565002,s3-eth1,6208914.00,151774.00,6360688.00,151774,6208914,4101.00,2051.00,6152.00,2051,4101,0.00,0.00,0,0
1547565002,total,19085018.00,19083678.00,38168696.00,19083678,19085018,18457.00,18457.00,36914.00,18457,18457,0.00,0.00,0,0
1547565003,s5,0.00,0.00,0.00,0,0,0.00,0.00,0.00,0,0,0.00,0.00,0,0
1547565003,s1,0.00,0.00,0.00,0,0,0.00,0.00,0.00,0,0,0.00,0.00,0,0
1547565003,eth0,0.00,0.00,0.00,0,0,0.00,0.00,0.00,0,0,0.00,0.00,0,0
1547565003,eth1,0.00,0.00,0.00,0,0,0.00,0.00,0.00,0,0,0.00,0.00,0,0
1547565003,s2,0.00,0.00,0.00,0,0,0.00,0.00,0.00,0,0,0.00,0.00,0,0
1547565003,s1-eth2,152736.00,6249792.00,6402528.00,6249792,152736,2064.00,4128.00,6192.00,4128,2064,0.00,0.00,0,0
1547565003,s1-eth1,6250134.00,152736.00,6402870.00,152736,6250134,4129.00,2064.00,6193.00,2064,4129,0.00,0.00,0,0
1547565003,s3,0.00,0.00,0.00,0,0,0.00,0.00,0.00,0,0,0.00,0.00,0,0
1547565003,s2-eth2,152736.00,6251306.00,6404042.00,6251306,152736,2064.00,4129.00,6193.00,4129,2064,0.00,0.00,0,0
1547565003,s2-eth1,6249792.00,152736.00,6402528.00,152736,6249792,4128.00,2064.00,6192.00,2064,4128,0.00,0.00,0,0
1547565003,lo,344.00,344.00,688.00,344,344,6.00,6.00,12.00,6,6,0.00,0.00,0,0
1547565003,s4,0.00,0.00,0.00,0,0,0.00,0.00,0.00,0,0,0.00,0.00,0,0
1547565003,s3-eth2,152736.00,6251306.00,6404042.00,6251306,152736,2064.00,4129.00,6193.00,4129,2064,0.00,0.00,0,0
1547565003,s3-eth1,6251306.00,152736.00,6404042.00,152736,6251306,4129.00,2064.00,6193.00,2064,4129,0.00,0.00,0,0
1547565003,total,19209784.00,19210956.00,38420740.00,19210956,19209784,18584.00,18584.00,37168.00,18584,18584,0.00,0.00,0,0
1547565004,s5,0.00,0.00,0.00,0,0,0.00,0.00,0.00,0,0,0.00,0.00,0,0
1547565004,s1,0.00,0.00,0.00,0,0,0.00,0.00,0.00,0,0,0.00,0.00,0,0
1547565004,eth0,0.00,142.00,142.00,142,0,0.00,1.00,1.00,1,0,0.00,0.00,0,0
1547565004,eth1,0.00,0.00,0.00,0,0,0.00,0.00,0.00,0,0,0.00,0.00,0,0
1547565004,s2,0.00,0.00,0.00,0,0,0.00,0.00,0.00,0,0,0.00,0.00,0,0
1547565004,s1-eth2,149480.00,6115046.00,6264526.00,6115046,149480,2020.00,4039.00,6059.00,4039,2020,0.00,0.00,0,0
1547565004,s1-eth1,6115046.00,149480.00,6264526.00,149480,6115046,4039.00,2020.00,6059.00,2020,4039,0.00,0.00,0,0
1547565004,s3,0.00,0.00,0.00,0,0,0.00,0.00,0.00,0,0,0.00,0.00,0,0
1547565004,s2-eth2,149406.00,6113532.00,6262938.00,6113532,149406,2019.00,4038.00,6057.00,4038,2019,0.00,0.00,0,0
1547565004,s2-eth1,6115046.00,149480.00,6264526.00,149480,6115046,4039.00,2020.00,6059.00,2020,4039,0.00,0.00,0,0
1547565004,lo,0.00,0.00,0.00,0,0,0.00,0.00,0.00,0,0,0.00,0.00,0,0
1547565004,s4,0.00,0.00,0.00,0,0,0.00,0.00,0.00,0,0,0.00,0.00,0,0
1547565004,s3-eth2,149480.00,6113532.00,6263012.00,6113532,149480,2020.00,4038.00,6058.00,4038,2020,0.00,0.00,0,0
1547565004,s3-eth1,6113532.00,149406.00,6262938.00,149406,6113532,4038.00,2019.00,6057.00,2019,4038,0.00,0.00,0,0
1547565004,total,18791990.00,18790618.00,37582608.00,18790618,18791990,18175.00,18175.00,36350.00,18175,18175,0.00,0.00,0,0
1547565005,s5,0.00,0.00,0.00,0,0,0.00,0.00,0.00,0,0,0.00,0.00,0,0
1547565005,s1,0.00,0.00,0.00,0,0,0.00,0.00,0.00,0,0,0.00,0.00,0,0
1547565005,eth0,0.00,0.00,0.00,0,0,0.00,0.00,0.00,0,0,0.00,0.00,0,0
1547565005,eth1,0.00,0.00,0.00,0,0,0.00,0.00,0.00,0,0,0.00,0.00,0,0
1547565005,s2,0.00,0.00,0.00,0,0,0.00,0.00,0.00,0,0,0.00,0.00,0,0
1547565005,s1-eth2,151774.00,6211942.00,6363716.00,6211942,151774,2051.00,4103.00,6154.00,4103,2051,0.00,0.00,0,0
1547565005,s1-eth1,6211942.00,151774.00,6363716.00,151774,6211942,4103.00,2051.00,6154.00,2051,4103,0.00,0.00,0,0
1547565005,s3,0.00,0.00,0.00,0,0,0.00,0.00,0.00,0,0,0.00,0.00,0,0
1547565005,s2-eth2,151848.00,6211942.00,6363790.00,6211942,151848,2052.00,4103.00,6155.00,4103,2052,0.00,0.00,0,0
1547565005,s2-eth1,6211942.00,151774.00,6363716.00,151774,6211942,4103.00,2051.00,6154.00,2051,4103,0.00,0.00,0,0
1547565005,lo,172.00,172.00,344.00,172,172,3.00,3.00,6.00,3,3,0.00,0.00,0,0
1547565005,s4,0.00,0.00,0.00,0,0,0.00,0.00,0.00,0,0,0.00,0.00,0,0
1547565005,s3-eth2,151774.00,6213456.00,6365230.00,6213456,151774,2051.00,4104.00,6155.00,4104,2051,0.00,0.00,0,0
1547565005,s3-eth1,6211942.00,151848.00,6363790.00,151848,6211942,4103.00,2052.00,6155.00,2052,4103,0.00,0.00,0,0
1547565005,total,19091394.00,19092908.00,38184304.00,19092908,19091394,18466.00,18467.00,36933.00,18467,18466,0.00,0.00,0,0
1547565006,s5,0.00,0.00,0.00,0,0,0.00,0.00,0.00,0,0,0.00,0.00,0,0
1547565006,s1,0.00,0.00,0.00,0,0,0.00,0.00,0.00,0,0,0.00,0.00,0,0
1547565006,eth0,0.00,0.00,0.00,0,0,0.00,0.00,0.00,0,0,0.00,0.00,0,0
1547565006,eth1,0.00,0.00,0.00,0,0,0.00,0.00,0.00,0,0,0.00,0.00,0,0
1547565006,s2,0.00,0.00,0.00,0,0,0.00,0.00,0.00,0,0,0.00,0.00,0,0
1547565006,s1-eth2,152440.00,6237680.00,6390120.00,6237680,152440,2060.00,4120.00,6180.00,4120,2060,0.00,0.00,0,0
1547565006,s1-eth1,6237680.00,152440.00,6390120.00,152440,6237680,4120.00,2060.00,6180.00,2060,4120,0.00,0.00,0,0
1547565006,s3,0.00,0.00,0.00,0,0,0.00,0.00,0.00,0,0,0.00,0.00,0,0
1547565006,s2-eth2,152440.00,6239194.00,6391634.00,6239194,152440,2060.00,4121.00,6181.00,4121,2060,0.00,0.00,0,0
1547565006,s2-eth1,6237680.00,152440.00,6390120.00,152440,6237680,4120.00,2060.00,6180.00,2060,4120,0.00,0.00,0,0
1547565006,lo,344.00,344.00,688.00,344,344,6.00,6.00,12.00,6,6,0.00,0.00,0,0
1547565006,s4,0.00,0.00,0.00,0,0,0.00,0.00,0.00,0,0,0.00,0.00,0,0
1547565006,s3-eth2,152440.00,6237680.00,6390120.00,6237680,152440,2060.00,4120.00,6180.00,4120,2060,0.00,0.00,0,0
1547565006,s3-eth1,6239194.00,152440.00,6391634.00,152440,6239194,4121.00,2060.00,6181.00,2060,4121,0.00,0.00,0,0
1547565006,total,19172218.00,19172218.00,38344436.00,19172218,19172218,18547.00,18547.00,37094.00,18547,18547,0.00,0.00,0,0
1547565007,s5,0.00,0.00,0.00,0,0,0.00,0.00,0.00,0,0,0.00,0.00,0,0
1547565007,s1,0.00,107.00,107.00,107,0,0.00,1.00,1.00,1,0,0.00,0.00,0,0
1547565007,eth0,0.00,0.00,0.00,0,0,0.00,0.00,0.00,0,0,0.00,0.00,0,0
1547565007,eth1,0.00,0.00,0.00,0,0,0.00,0.00,0.00,0,0,0.00,0.00,0,0
1547565007,s2,0.00,0.00,0.00,0,0,0.00,0.00,0.00,0,0,0.00,0.00,0,0
1547565007,s1-eth2,152810.00,6249899.00,6402709.00,6249899,152810,2065.00,4129.00,6194.00,4129,2065,0.00,0.00,0,0
1547565007,s1-eth1,6250006.00,152736.00,6402742.00,152736,6250006,4130.00,2064.00,6194.00,2064,4130,0.00,0.00,0,0
1547565007,s3,0.00,107.00,107.00,107,0,0.00,1.00,1.00,1,0,0.00,0.00,0,0
1547565007,s2-eth2,152843.00,6249792.00,6402635.00,6249792,152843,2065.00,4128.00,6193.00,4128,2065,0.00,0.00,0,0
1547565007,s2-eth1,6249899.00,152810.00,6402709.00,152810,6249899,4129.00,2065.00,6194.00,2065,4129,0.00,0.00,0,0
1547565007,lo,610.00,610.00,1220.00,610,610,6.00,6.00,12.00,6,6,0.00,0.00,0,0
1547565007,s4,0.00,0.00,0.00,0,0,0.00,0.00,0.00,0,0,0.00,0.00,0,0
1547565007,s3-eth2,153185.00,6249792.00,6402977.00,6249792,153185,2066.00,4128.00,6194.00,4128,2066,0.00,0.00,0,0
1547565007,s3-eth1,6249792.00,152843.00,6402635.00,152843,6249792,4128.00,2065.00,6193.00,2065,4128,0.00,0.00,0,0
1547565007,total,19209144.00,19208696.00,38417840.00,19208696,19209145,18589.00,18587.00,37176.00,18587,18589,0.00,0.00,0,0
1547565008,s5,0.00,0.00,0.00,0,0,0.00,0.00,0.00,0,0,0.00,0.00,0,0
1547565008,s1,0.00,449.00,449.00,449,0,0.00,2.00,2.00,2,0,0.00,0.00,0,0
1547565008,eth0,0.00,0.00,0.00,0,0,0.00,0.00,0.00,0,0,0.00,0.00,0,0
1547565008,eth1,0.00,0.00,0.00,0,0,0.00,0.00,0.00,0,0,0.00,0.00,0,0
1547565008,s2,0.00,898.00,898.00,898,0,0.00,4.00,4.00,4,0,0.00,0.00,0,0
1547565008,s1-eth2,152223.00,6212391.00,6364614.00,6212391,152223,2053.00,4105.00,6158.00,4105,2053,0.00,0.00,0,0
1547565008,s1-eth1,6213905.00,151848.00,6365753.00,151848,6213905,4106.00,2052.00,6158.00,2052,4106,0.00,0.00,0,0
1547565008,s3,0.00,449.00,449.00,449,0,0.00,2.00,2.00,2,0,0.00,0.00,0,0
1547565008,s2-eth2,152297.00,6212391.00,6364688.00,6212391,152297,2054.00,4105.00,6159.00,4105,2054,0.00,0.00,0,0
1547565008,s2-eth1,6212391.00,152223.00,6364614.00,152223,6212391,4105.00,2053.00,6158.00,2053,4105,0.00,0.00,0,0
1547565008,lo,2524.00,2524.00,5048.00,2524,2524,24.00,24.00,48.00,24,24,0.00,0.00,0,0
1547565008,s4,0.00,0.00,0.00,0,0,0.00,0.00,0.00,0,0,0.00,0.00,0,0
1547565008,s3-eth2,152404.00,6213456.00,6365860.00,6213456,152404,2055.00,4104.00,6159.00,4104,2055,0.00,0.00,0,0
1547565008,s3-eth1,6212391.00,152297.00,6364688.00,152297,6212391,4105.00,2054.00,6159.00,2054,4105,0.00,0.00,0,0
1547565008,total,19098136.00,19098926.00,38197060.00,19098926,19098135,18502.00,18505.00,37007.00,18505,18502,0.00,0.00,0,0
1547565009,s5,0.00,0.00,0.00,0,0,0.00,0.00,0.00,0,0,0.00,0.00,0,0
1547565009,s1,0.00,0.00,0.00,0,0,0.00,0.00,0.00,0,0,0.00,0.00,0,0
1547565009,eth0,0.00,120.00,120.00,120,0,0.00,2.00,2.00,2,0,0.00,0.00,0,0
1547565009,eth1,0.00,0.00,0.00,0,0,0.00,0.00,0.00,0,0,0.00,0.00,0,0
1547565009,s2,0.00,0.00,0.00,0,0,0.00,0.00,0.00,0,0,0.00,0.00,0,0
1547565009,s1-eth2,152810.00,6251306.00,6404116.00,6251306,152810,2065.00,4129.00,6194.00,4129,2065,0.00,0.00,0,0
1547565009,s1-eth1,6251306.00,152810.00,6404116.00,152810,6251306,4129.00,2065.00,6194.00,2065,4129,0.00,0.00,0,0
1547565009,s3,0.00,0.00,0.00,0,0,0.00,0.00,0.00,0,0,0.00,0.00,0,0
1547565009,s2-eth2,152736.00,6251306.00,6404042.00,6251306,152736,2064.00,4129.00,6193.00,4129,2064,0.00,0.00,0,0
1547565009,s2-eth1,6251306.00,152810.00,6404116.00,152810,6251306,4129.00,2065.00,6194.00,2065,4129,0.00,0.00,0,0
1547565009,lo,0.00,0.00,0.00,0,0,0.00,0.00,0.00,0,0,0.00,0.00,0,0
1547565009,s4,0.00,0.00,0.00,0,0,0.00,0.00,0.00,0,0,0.00,0.00,0,0
1547565009,s3-eth2,152810.00,6251306.00,6404116.00,6251306,152810,2065.00,4129.00,6194.00,4129,2065,0.00,0.00,0,0
1547565009,s3-eth1,6251306.00,152736.00,6404042.00,152736,6251306,4129.00,2064.00,6193.00,2064,4129,0.00,0.00,0,0
1547565009,total,19212274.00,19212394.00,38424668.00,19212394,19212274,18581.00,18583.00,37164.00,18583,18581,0.00,0.00,0,0
1547565010,s5,0.00,0.00,0.00,0,0,0.00,0.00,0.00,0,0,0.00,0.00,0,0
1547565010,s1,0.00,0.00,0.00,0,0,0.00,0.00,0.00,0,0,0.00,0.00,0,0
1547565010,eth0,0.00,140.00,140.00,140,0,0.00,1.00,1.00,1,0,0.00,0.00,0,0
1547565010,eth1,0.00,0.00,0.00,0,0,0.00,0.00,0.00,0,0,0.00,0.00,0,0
1547565010,s2,0.00,0.00,0.00,0,0,0.00,0.00,0.00,0,0,0.00,0.00,0,0
1547565010,s1-eth2,152440.00,6239194.00,6391634.00,6239194,152440,2060.00,4121.00,6181.00,4121,2060,0.00,0.00,0,0
1547565010,s1-eth1,6237680.00,152440.00,6390120.00,152440,6237680,4120.00,2060.00,6180.00,2060,4120,0.00,0.00,0,0
1547565010,s3,0.00,342.00,342.00,342,0,0.00,1.00,1.00,1,0,0.00,0.00,0,0
1547565010,s2-eth2,152856.00,6239194.00,6392050.00,6239194,152856,2062.00,4121.00,6183.00,4121,2062,0.00,0.00,0,0
1547565010,s2-eth1,6239194.00,152440.00,6391634.00,152440,6239194,4121.00,2060.00,6181.00,2060,4121,0.00,0.00,0,0
1547565010,lo,326.00,326.00,652.00,326,326,3.00,3.00,6.00,3,3,0.00,0.00,0,0
1547565010,s4,0.00,0.00,0.00,0,0,0.00,0.00,0.00,0,0,0.00,0.00,0,0
1547565010,s3-eth2,152782.00,6239194.00,6391976.00,6239194,152782,2061.00,4121.00,6182.00,4121,2061,0.00,0.00,0,0
1547565010,s3-eth1,6239194.00,152856.00,6392050.00,152856,6239194,4121.00,2062.00,6183.00,2062,4121,0.00,0.00,0,0
1547565010,total,19174472.00,19176126.00,38350600.00,19176126,19174472,18548.00,18550.00,37098.00,18550,18548,0.00,0.00,0,0
1547565011,s5,0.00,0.00,0.00,0,0,0.00,0.00,0.00,0,0,0.00,0.00,0,0
1547565011,s1,0.00,342.00,342.00,342,0,0.00,1.00,1.00,1,0,0.00,0.00,0,0
1547565011,eth0,0.00,0.00,0.00,0,0,0.00,0.00,0.00,0,0,0.00,0.00,0,0
1547565011,eth1,0.00,0.00,0.00,0,0,0.00,0.00,0.00,0,0,0.00,0.00,0,0
1547565011,s2,0.00,0.00,0.00,0,0,0.00,0.00,0.00,0,0,0.00,0.00,0,0
1547565011,s1-eth2,151774.00,6209256.00,6361030.00,6209256,151774,2051.00,4102.00,6153.00,4102,2051,0.00,0.00,0,0
1547565011,s1-eth1,6209256.00,151700.00,6360956.00,151700,6209256,4102.00,2050.00,6152.00,2050,4102,0.00,0.00,0,0
1547565011,s3,0.00,0.00,0.00,0,0,0.00,0.00,0.00,0,0,0.00,0.00,0,0
1547565011,s2-eth2,151700.00,6213456.00,6365156.00,6213456,151700,2050.00,4104.00,6154.00,4104,2050,0.00,0.00,0,0
1547565011,s2-eth1,6210770.00,151774.00,6362544.00,151774,6210770,4103.00,2051.00,6154.00,2051,4103,0.00,0.00,0,0
1547565011,lo,670.00,670.00,1340.00,670,670,9.00,9.00,18.00,9,9,0.00,0.00,0,0
1547565011,s4,0.00,0.00,0.00,0,0,0.00,0.00,0.00,0,0,0.00,0.00,0,0
1547565011,s3-eth2,151700.00,6213456.00,6365156.00,6213456,151700,2050.00,4104.00,6154.00,4104,2050,0.00,0.00,0,0
1547565011,s3-eth1,6213456.00,151700.00,6365156.00,151700,6213456,4104.00,2050.00,6154.00,2050,4104,0.00,0.00,0,0
1547565011,total,19089326.00,19092354.00,38181680.00,19092354,19089326,18469.00,18471.00,36940.00,18471,18469,0.00,0.00,0,0
1547565012,s5,0.00,0.00,0.00,0,0,0.00,0.00,0.00,0,0,0.00,0.00,0,0
1547565012,s1,0.00,0.00,0.00,0,0,0.00,0.00,0.00,0,0,0.00,0.00,0,0
1547565012,eth0,0.00,0.00,0.00,0,0,0.00,0.00,0.00,0,0,0.00,0.00,0,0
1547565012,eth1,0.00,0.00,0.00,0,0,0.00,0.00,0.00,0,0,0.00,0.00,0,0
1547565012,s2,0.00,0.00,0.00,0,0,0.00,0.00,0.00,0,0,0.00,0.00,0,0
1547565012,s1-eth2,152662.00,6248278.00,6400940.00,6248278,152662,2063.00,4127.00,6190.00,4127,2063,0.00,0.00,0,0
1547565012,s1-eth1,6248278.00,152736.00,6401014.00,152736,6248278,4127.00,2064.00,6191.00,2064,4127,0.00,0.00,0,0
1547565012,s3,0.00,0.00,0.00,0,0,0.00,0.00,0.00,0,0,0.00,0.00,0,0
1547565012,s2-eth2,152662.00,6246764.00,6399426.00,6246764,152662,2063.00,4126.00,6189.00,4126,2063,0.00,0.00,0,0
1547565012,s2-eth1,6246764.00,152662.00,6399426.00,152662,6246764,4126.00,2063.00,6189.00,2063,4126,0.00,0.00,0,0
1547565012,lo,0.00,0.00,0.00,0,0,0.00,0.00,0.00,0,0,0.00,0.00,0,0
1547565012,s4,0.00,0.00,0.00,0,0,0.00,0.00,0.00,0,0,0.00,0.00,0,0
1547565012,s3-eth2,152662.00,6245250.00,6397912.00,6245250,152662,2063.00,4125.00,6188.00,4125,2063,0.00,0.00,0,0
1547565012,s3-eth1,6246764.00,152662.00,6399426.00,152662,6246764,4126.00,2063.00,6189.00,2063,4126,0.00,0.00,0,0
1547565012,total,19199792.00,19198352.00,38398144.00,19198352,19199792,18568.00,18568.00,37136.00,18568,18568,0.00,0.00,0,0
1547565013,s5,0.00,0.00,0.00,0,0,0.00,0.00,0.00,0,0,0.00,0.00,0,0
1547565013,s1,0.00,0.00,0.00,0,0,0.00,0.00,0.00,0,0,0.00,0.00,0,0
1547565013,eth0,0.00,0.00,0.00,0,0,0.00,0.00,0.00,0,0,0.00,0.00,0,0
1547565013,eth1,0.00,0.00,0.00,0,0,0.00,0.00,0.00,0,0,0.00,0.00,0,0
1547565013,s2,0.00,0.00,0.00,0,0,0.00,0.00,0.00,0,0,0.00,0.00,0,0
1547565013,s1-eth2,152736.00,6251306.00,6404042.00,6251306,152736,2064.00,4129.00,6193.00,4129,2064,0.00,0.00,0,0
1547565013,s1-eth1,6251306.00,152736.00,6404042.00,152736,6251306,4129.00,2064.00,6193.00,2064,4129,0.00,0.00,0,0
1547565013,s3,0.00,0.00,0.00,0,0,0.00,0.00,0.00,0,0,0.00,0.00,0,0
1547565013,s2-eth2,152810.00,6251306.00,6404116.00,6251306,152810,2065.00,4129.00,6194.00,4129,2065,0.00,0.00,0,0
1547565013,s2-eth1,6251306.00,152736.00,6404042.00,152736,6251306,4129.00,2064.00,6193.00,2064,4129,0.00,0.00,0,0
1547565013,lo,172.00,172.00,344.00,172,172,3.00,3.00,6.00,3,3,0.00,0.00,0,0
1547565013,s4,0.00,0.00,0.00,0,0,0.00,0.00,0.00,0,0,0.00,0.00,0,0
1547565013,s3-eth2,152810.00,6251306.00,6404116.00,6251306,152810,2065.00,4129.00,6194.00,4129,2065,0.00,0.00,0,0
1547565013,s3-eth1,6251306.00,152810.00,6404116.00,152810,6251306,4129.00,2065.00,6194.00,2065,4129,0.00,0.00,0,0
1547565013,total,19212446.00,19212372.00,38424816.00,19212372,19212446,18584.00,18583.00,37167.00,18583,18584,0.00,0.00,0,0
1547565014,s5,0.00,0.00,0.00,0,0,0.00,0.00,0.00,0,0,0.00,0.00,0,0
1547565014,s1,0.00,342.00,342.00,342,0,0.00,1.00,1.00,1,0,0.00,0.00,0,0
1547565014,eth0,60.00,300.00,360.00,300,60,1.00,5.00,6.00,5,1,0.00,0.00,0,0
1547565014,eth1,0.00,0.00,0.00,0,0,0.00,0.00,0.00,0,0,0.00,0.00,0,0
1547565014,s2,0.00,342.00,342.00,342,0,0.00,1.00,1.00,1,0,0.00,0.00,0,0
1547565014,s1-eth2,151922.00,6215312.00,6367234.00,6215312,151922,2053.00,4106.00,6159.00,4106,2053,0.00,0.00,0,0
1547565014,s1-eth1,6214970.00,151922.00,6366892.00,151922,6214970,4105.00,2053.00,6158.00,2053,4105,0.00,0.00,0,0
1547565014,s3,0.00,0.00,0.00,0,0,0.00,0.00,0.00,0,0,0.00,0.00,0,0
1547565014,s2-eth2,151922.00,6213798.00,6365720.00,6213798,151922,2053.00,4105.00,6158.00,4105,2053,0.00,0.00,0,0
1547565014,s2-eth1,6215312.00,151922.00,6367234.00,151922,6215312,4106.00,2053.00,6159.00,2053,4106,0.00,0.00,0,0
1547565014,lo,824.00,824.00,1648.00,824,824,9.00,9.00,18.00,9,9,0.00,0.00,0,0
1547565014,s4,0.00,0.00,0.00,0,0,0.00,0.00,0.00,0,0,0.00,0.00,0,0
1547565014,s3-eth2,151922.00,6216484.00,6368406.00,6216484,151922,2053.00,4106.00,6159.00,4106,2053,0.00,0.00,0,0
1547565014,s3-eth1,6213798.00,151922.00,6365720.00,151922,6213798,4105.00,2053.00,6158.00,2053,4105,0.00,0.00,0,0
1547565014,total,19100730.00,19103168.00,38203896.00,19103168,19100730,18485.00,18492.00,36977.00,18492,18485,0.00,0.00,0,0
1547565015,s5,0.00,0.00,0.00,0,0,0.00,0.00,0.00,0,0,0.00,0.00,0,0
1547565015,s1,0.00,0.00,0.00,0,0,0.00,0.00,0.00,0,0,0.00,0.00,0,0
1547565015,eth0,0.00,132.00,132.00,132,0,0.00,1.00,1.00,1,0,0.00,0.00,0,0
1547565015,eth1,0.00,0.00,0.00,0,0,0.00,0.00,0.00,0,0,0.00,0.00,0,0
1547565015,s2,0.00,342.00,342.00,342,0,0.00,1.00,1.00,1,0,0.00,0.00,0,0
1547565015,s1-eth2,152856.00,6240708.00,6393564.00,6240708,152856,2062.00,4122.00,6184.00,4122,2062,0.00,0.00,0,0
1547565015,s1-eth1,6241050.00,152514.00,6393564.00,152514,6241050,4123.00,2061.00,6184.00,2061,4123,0.00,0.00,0,0
1547565015,s3,0.00,342.00,342.00,342,0,0.00,1.00,1.00,1,0,0.00,0.00,0,0
1547565015,s2-eth2,152782.00,6240708.00,6393490.00,6240708,152782,2061.00,4122.00,6183.00,4122,2061,0.00,0.00,0,0
1547565015,s2-eth1,6240708.00,152856.00,6393564.00,152856,6240708,4122.00,2062.00,6184.00,2062,4122,0.00,0.00,0,0
1547565015,lo,652.00,652.00,1304.00,652,652,6.00,6.00,12.00,6,6,0.00,0.00,0,0
1547565015,s4,0.00,0.00,0.00,0,0,0.00,0.00,0.00,0,0,0.00,0.00,0,0
1547565015,s3-eth2,152856.00,6240708.00,6393564.00,6240708,152856,2062.00,4122.00,6184.00,4122,2062,0.00,0.00,0,0
1547565015,s3-eth1,6240708.00,152782.00,6393490.00,152782,6240708,4122.00,2061.00,6183.00,2061,4122,0.00,0.00,0,0
1547565015,total,19181612.00,19181744.00,38363356.00,19181744,19181612,18558.00,18559.00,37117.00,18559,18558,0.00,0.00,0,0
1547565016,s5,0.00,0.00,0.00,0,0,0.00,0.00,0.00,0,0,0.00,0.00,0,0
1547565016,s1,0.00,0.00,0.00,0,0,0.00,0.00,0.00,0,0,0.00,0.00,0,0
1547565016,eth0,0.00,132.00,132.00,132,0,0.00,1.00,1.00,1,0,0.00,0.00,0,0
1547565016,eth1,0.00,0.00,0.00,0,0,0.00,0.00,0.00,0,0,0.00,0.00,0,0
1547565016,s2,0.00,0.00,0.00,0,0,0.00,0.00,0.00,0,0,0.00,0.00,0,0
1547565016,s1-eth2,152588.00,6242222.00,6394810.00,6242222,152588,2062.00,4123.00,6185.00,4123,2062,0.00,0.00,0,0
1547565016,s1-eth1,6242222.00,152514.00,6394736.00,152514,6242222,4123.00,2061.00,6184.00,2061,4123,0.00,0.00,0,0
1547565016,s3,0.00,0.00,0.00,0,0,0.00,0.00,0.00,0,0,0.00,0.00,0,0
1547565016,s2-eth2,152588.00,6242222.00,6394810.00,6242222,152588,2062.00,4123.00,6185.00,4123,2062,0.00,0.00,0,0
1547565016,s2-eth1,6242222.00,152588.00,6394810.00,152588,6242222,4123.00,2062.00,6185.00,2062,4123,0.00,0.00,0,0
1547565016,lo,344.00,344.00,688.00,344,344,6.00,6.00,12.00,6,6,0.00,0.00,0,0
1547565016,s4,0.00,0.00,0.00,0,0,0.00,0.00,0.00,0,0,0.00,0.00,0,0
1547565016,s3-eth2,152514.00,6242222.00,6394736.00,6242222,152514,2061.00,4123.00,6184.00,4123,2061,0.00,0.00,0,0
1547565016,s3-eth1,6242222.00,152588.00,6394810.00,152588,6242222,4123.00,2062.00,6185.00,2062,4123,0.00,0.00,0,0
1547565016,total,19184700.00,19184832.00,38369532.00,19184832,19184700,18560.00,18561.00,37121.00,18561,18560,0.00,0.00,0,0
1547565017,s5,0.00,0.00,0.00,0,0,0.00,0.00,0.00,0,0,0.00,0.00,0,0
1547565017,s1,0.00,0.00,0.00,0,0,0.00,0.00,0.00,0,0,0.00,0.00,0,0
1547565017,eth0,0.00,0.00,0.00,0,0,0.00,0.00,0.00,0,0,0.00,0.00,0,0
1547565017,eth1,342.00,590.00,932.00,590,342,1.00,1.00,2.00,1,1,0.00,0.00,0,0
1547565017,s2,0.00,0.00,0.00,0,0,0.00,0.00,0.00,0,0,0.00,0.00,0,0
1547565017,s1-eth2,150262.00,6148396.00,6298658.00,6148396,150262,2031.00,4062.00,6093.00,4062,2031,0.00,0.00,0,0
1547565017,s1-eth1,6148396.00,150262.00,6298658.00,150262,6148396,4062.00,2031.00,6093.00,2031,4062,0.00,0.00,0,0
1547565017,s3,0.00,0.00,0.00,0,0,0.00,0.00,0.00,0,0,0.00,0.00,0,0
1547565017,s2-eth2,150262.00,6151424.00,6301686.00,6151424,150262,2031.00,4064.00,6095.00,4064,2031,0.00,0.00,0,0
1547565017,s2-eth1,6148396.00,150262.00,6298658.00,150262,6148396,4062.00,2031.00,6093.00,2031,4062,0.00,0.00,0,0
1547565017,lo,888.00,888.00,1776.00,888,888,9.00,9.00,18.00,9,9,0.00,0.00,0,0
1547565017,s4,0.00,0.00,0.00,0,0,0.00,0.00,0.00,0,0,0.00,0.00,0,0
1547565017,s3-eth2,150604.00,6148396.00,6299000.00,6148396,150604,2032.00,4062.00,6094.00,4062,2032,0.00,0.00,0,0
1547565017,s3-eth1,6151424.00,150262.00,6301686.00,150262,6151424,4064.00,2031.00,6095.00,2031,4064,0.00,0.00,0,0
1547565017,total,18900574.00,18900480.00,37801056.00,18900480,18900574,18292.00,18291.00,36583.00,18291,18292,0.00,0.00,0,0
1547565018,s5,0.00,0.00,0.00,0,0,0.00,0.00,0.00,0,0,0.00,0.00,0,0
1547565018,s1,0.00,0.00,0.00,0,0,0.00,0.00,0.00,0,0,0.00,0.00,0,0
1547565018,eth0,0.00,180.00,180.00,180,0,0.00,3.00,3.00,3,0,0.00,0.00,0,0
1547565018,eth1,0.00,0.00,0.00,0,0,0.00,0.00,0.00,0,0,0.00,0.00,0,0
1547565018,s2,0.00,0.00,0.00,0,0,0.00,0.00,0.00,0,0,0.00,0.00,0,0
1547565018,s1-eth2,152736.00,6251306.00,6404042.00,6251306,152736,2064.00,4129.00,6193.00,4129,2064,0.00,0.00,0,0
1547565018,s1-eth1,6251306.00,152810.00,6404116.00,152810,6251306,4129.00,2065.00,6194.00,2065,4129,0.00,0.00,0,0
1547565018,s3,0.00,0.00,0.00,0,0,0.00,0.00,0.00,0,0,0.00,0.00,0,0
1547565018,s2-eth2,152810.00,6251306.00,6404116.00,6251306,152810,2065.00,4129.00,6194.00,4129,2065,0.00,0.00,0,0
1547565018,s2-eth1,6251306.00,152736.00,6404042.00,152736,6251306,4129.00,2064.00,6193.00,2064,4129,0.00,0.00,0,0
1547565018,lo,0.00,0.00,0.00,0,0,0.00,0.00,0.00,0,0,0.00,0.00,0,0
1547565018,s4,0.00,0.00,0.00,0,0,0.00,0.00,0.00,0,0,0.00,0.00,0,0
1547565018,s3-eth2,152810.00,6251306.00,6404116.00,6251306,152810,2065.00,4129.00,6194.00,4129,2065,0.00,0.00,0,0
1547565018,s3-eth1,6251306.00,152810.00,6404116.00,152810,6251306,4129.00,2065.00,6194.00,2065,4129,0.00,0.00,0,0
1547565018,total,19212274.00,19212454.00,38424728.00,19212454,19212274,18581.00,18584.00,37165.00,18584,18581,0.00,0.00,0,0
1547565019,s5,0.00,0.00,0.00,0,0,0.00,0.00,0.00,0,0,0.00,0.00,0,0
1547565019,s1,0.00,0.00,0.00,0,0,0.00,0.00,0.00,0,0,0.00,0.00,0,0
1547565019,eth0,0.00,132.00,132.00,132,0,0.00,1.00,1.00,1,0,0.00,0.00,0,0
1547565019,eth1,0.00,0.00,0.00,0,0,0.00,0.00,0.00,0,0,0.00,0.00,0,0
1547565019,s2,0.00,0.00,0.00,0,0,0.00,0.00,0.00,0,0,0.00,0.00,0,0
1547565019,s1-eth2,152810.00,6251306.00,6404116.00,6251306,152810,2065.00,4129.00,6194.00,4129,2065,0.00,0.00,0,0
1547565019,s1-eth1,6250134.00,152736.00,6402870.00,152736,6250134,4129.00,2064.00,6193.00,2064,4129,0.00,0.00,0,0
1547565019,s3,0.00,0.00,0.00,0,0,0.00,0.00,0.00,0,0,0.00,0.00,0,0
1547565019,s2-eth2,152736.00,6251306.00,6404042.00,6251306,152736,2064.00,4129.00,6193.00,4129,2064,0.00,0.00,0,0
1547565019,s2-eth1,6251306.00,152810.00,6404116.00,152810,6251306,4129.00,2065.00,6194.00,2065,4129,0.00,0.00,0,0
1547565019,lo,0.00,0.00,0.00,0,0,0.00,0.00,0.00,0,0,0.00,0.00,0,0
1547565019,s4,0.00,0.00,0.00,0,0,0.00,0.00,0.00,0,0,0.00,0.00,0,0
1547565019,s3-eth2,152736.00,6251306.00,6404042.00,6251306,152736,2064.00,4129.00,6193.00,4129,2064,0.00,0.00,0,0
1547565019,s3-eth1,6251306.00,152736.00,6404042.00,152736,6251306,4129.00,2064.00,6193.00,2064,4129,0.00,0.00,0,0
1547565019,total,19211028.00,19212332.00,38423360.00,19212332,19211028,18580.00,18581.00,37161.00,18581,18580,0.00,0.00,0,0
1547565020,s5,0.00,0.00,0.00,0,0,0.00,0.00,0.00,0,0,0.00,0.00,0,0
1547565020,s1,0.00,0.00,0.00,0,0,0.00,0.00,0.00,0,0,0.00,0.00,0,0
1547565020,eth0,0.00,60.00,60.00,60,0,0.00,1.00,1.00,1,0,0.00,0.00,0,0
1547565020,eth1,0.00,0.00,0.00,0,0,0.00,0.00,0.00,0,0,0.00,0.00,0,0
1547565020,s2,0.00,0.00,0.00,0,0,0.00,0.00,0.00,0,0,0.00,0.00,0,0
1547565020,s1-eth2,148888.00,6092336.00,6241224.00,6092336,148888,2012.00,4024.00,6036.00,4024,2012,0.00,0.00,0,0
1547565020,s1-eth1,6095364.00,148962.00,6244326.00,148962,6095364,4026.00,2013.00,6039.00,2013,4026,0.00,0.00,0,0
1547565020,s3,0.00,0.00,0.00,0,0,0.00,0.00,0.00,0,0,0.00,0.00,0,0
1547565020,s2-eth2,148962.00,6090822.00,6239784.00,6090822,148962,2013.00,4023.00,6036.00,4023,2013,0.00,0.00,0,0
1547565020,s2-eth1,6092336.00,148888.00,6241224.00,148888,6092336,4024.00,2012.00,6036.00,2012,4024,0.00,0.00,0,0
1547565020,lo,0.00,0.00,0.00,0,0,0.00,0.00,0.00,0,0,0.00,0.00,0,0
1547565020,s4,0.00,0.00,0.00,0,0,0.00,0.00,0.00,0,0,0.00,0.00,0,0
1547565020,s3-eth2,148962.00,6095364.00,6244326.00,6095364,148962,2013.00,4026.00,6039.00,4026,2013,0.00,0.00,0,0
1547565020,s3-eth1,6090822.00,148962.00,6239784.00,148962,6090822,4023.00,2013.00,6036.00,2013,4023,0.00,0.00,0,0
1547565020,total,18725334.00,18725394.00,37450728.00,18725394,18725334,18111.00,18112.00,36223.00,18112,18111,0.00,0.00,0,0
1547565021,s5,0.00,0.00,0.00,0,0,0.00,0.00,0.00,0,0,0.00,0.00,0,0
1547565021,s1,0.00,0.00,0.00,0,0,0.00,0.00,0.00,0,0,0.00,0.00,0,0
1547565021,eth0,0.00,284.00,284.00,284,0,0.00,2.00,2.00,2,0,0.00,0.00,0,0
1547565021,eth1,0.00,0.00,0.00,0,0,0.00,0.00,0.00,0,0,0.00,0.00,0,0
1547565021,s2,0.00,0.00,0.00,0,0,0.00,0.00,0.00,0,0,0.00,0.00,0,0
1547565021,s1-eth2,152736.00,6249792.00,6402528.00,6249792,152736,2064.00,4128.00,6192.00,4128,2064,0.00,0.00,0,0
1547565021,s1-eth1,6248278.00,152736.00,6401014.00,152736,6248278,4127.00,2064.00,6191.00,2064,4127,0.00,0.00,0,0
1547565021,s3,0.00,0.00,0.00,0,0,0.00,0.00,0.00,0,0,0.00,0.00,0,0
1547565021,s2-eth2,152662.00,6249792.00,6402454.00,6249792,152662,2063.00,4128.00,6191.00,4128,2063,0.00,0.00,0,0
1547565021,s2-eth1,6249792.00,152736.00,6402528.00,152736,6249792,4128.00,2064.00,6192.00,2064,4128,0.00,0.00,0,0
1547565021,lo,344.00,344.00,688.00,344,344,6.00,6.00,12.00,6,6,0.00,0.00,0,0
1547565021,s4,0.00,0.00,0.00,0,0,0.00,0.00,0.00,0,0,0.00,0.00,0,0
1547565021,s3-eth2,152736.00,6249792.00,6402528.00,6249792,152736,2064.00,4128.00,6192.00,4128,2064,0.00,0.00,0,0
1547565021,s3-eth1,6249792.00,152662.00,6402454.00,152662,6249792,4128.00,2063.00,6191.00,2063,4128,0.00,0.00,0,0
1547565021,total,19206340.00,19208138.00,38414480.00,19208138,19206340,18580.00,18583.00,37163.00,18583,18580,0.00,0.00,0,0
1547565022,s5,0.00,0.00,0.00,0,0,0.00,0.00,0.00,0,0,0.00,0.00,0,0
1547565022,s1,0.00,0.00,0.00,0,0,0.00,0.00,0.00,0,0,0.00,0.00,0,0
1547565022,eth0,0.00,60.00,60.00,60,0,0.00,1.00,1.00,1,0,0.00,0.00,0,0
1547565022,eth1,60.00,60.00,120.00,60,60,1.00,1.00,2.00,1,1,0.00,0.00,0,0
1547565022,s2,0.00,0.00,0.00,0,0,0.00,0.00,0.00,0,0,0.00,0.00,0,0
1547565022,s1-eth2,152736.00,6249792.00,6402528.00,6249792,152736,2064.00,4128.00,6192.00,4128,2064,0.00,0.00,0,0
1547565022,s1-eth1,6249792.00,152736.00,6402528.00,152736,6249792,4128.00,2064.00,6192.00,2064,4128,0.00,0.00,0,0
1547565022,s3,0.00,0.00,0.00,0,0,0.00,0.00,0.00,0,0,0.00,0.00,0,0
1547565022,s2-eth2,152736.00,6249792.00,6402528.00,6249792,152736,2064.00,4128.00,6192.00,4128,2064,0.00,0.00,0,0
1547565022,s2-eth1,6249792.00,152736.00,6402528.00,152736,6249792,4128.00,2064.00,6192.00,2064,4128,0.00,0.00,0,0
1547565022,lo,516.00,516.00,1032.00,516,516,9.00,9.00,18.00,9,9,0.00,0.00,0,0
1547565022,s4,0.00,0.00,0.00,0,0,0.00,0.00,0.00,0,0,0.00,0.00,0,0
1547565022,s3-eth2,152736.00,6249792.00,6402528.00,6249792,152736,2064.00,4128.00,6192.00,4128,2064,0.00,0.00,0,0
1547565022,s3-eth1,6249792.00,152736.00,6402528.00,152736,6249792,4128.00,2064.00,6192.00,2064,4128,0.00,0.00,0,0
1547565022,total,19208160.00,19208220.00,38416380.00,19208220,19208160,18586.00,18587.00,37173.00,18587,18586,0.00,0.00,0,0
1547565023,s5,0.00,0.00,0.00,0,0,0.00,0.00,0.00,0,0,0.00,0.00,0,0
1547565023,s1,0.00,1092.00,1092.00,1092,0,0.00,6.00,6.00,6,0,0.00,0.00,0,0
1547565023,eth0,304.00,368.00,672.00,368,304,4.00,4.00,8.00,4,4,0.00,0.00,0,0
1547565023,eth1,0.00,0.00,0.00,0,0,0.00,0.00,0.00,0,0,0.00,0.00,0,0
1547565023,s2,0.00,750.00,750.00,750,0,0.00,5.00,5.00,5,0,0.00,0.00,0,0
1547565023,s1-eth2,142304.00,5811824.00,5954128.00,5811824,142304,1922.00,3844.00,5766.00,3844,1922,0.00,0.00,0,0
1547565023,s1-eth1,5812354.00,141932.00,5954286.00,141932,5812354,3847.00,1918.00,5765.00,1918,3847,0.00,0.00,0,0
1547565023,s3,0.00,938.00,938.00,938,0,0.00,7.00,7.00,7,0,0.00,0.00,0,0
1547565023,s2-eth2,142944.00,5812698.00,5955642.00,5812698,142944,1926.00,3841.00,5767.00,3841,1926,0.00,0.00,0,0
1547565023,s2-eth1,5811824.00,142304.00,5954128.00,142304,5811824,3844.00,1922.00,5766.00,1922,3844,0.00,0.00,0,0
1547565023,lo,6048.00,6048.00,12096.00,6048,6048,62.00,62.00,124.00,62,62,0.00,0.00,0,0
1547565023,s4,0.00,0.00,0.00,0,0,0.00,0.00,0.00,0,0,0.00,0.00,0,0
1547565023,s3-eth2,143474.00,5813760.00,5957234.00,5813760,143474,1929.00,3840.00,5769.00,3840,1929,0.00,0.00,0,0
1547565023,s3-eth1,5812698.00,142944.00,5955642.00,142944,5812698,3841.00,1926.00,5767.00,1926,3841,0.00,0.00,0,0
1547565023,total,17871950.00,17874658.00,35746608.00,17874658,17871950,17375.00,17375.00,34750.00,17375,17375,0.00,0.00,0,0
1547565024,s5,0.00,0.00,0.00,0,0,0.00,0.00,0.00,0,0,0.00,0.00,0,0
1547565024,s1,0.00,1512.00,1512.00,1512,0,0.00,10.00,10.00,10,0,0.00,0.00,0,0
1547565024,eth0,760.00,1900.00,2660.00,1900,760,10.00,15.00,25.00,15,10,0.00,0.00,0,0
1547565024,eth1,0.00,0.00,0.00,0,0,0.00,0.00,0.00,0,0,0.00,0.00,0,0
1547565024,s2,0.00,545.00,545.00,545,0,0.00,6.00,6.00,6,0,0.00,0.00,0,0
1547565024,s1-eth2,151983.00,6202856.00,6354839.00,6202856,151983,2053.00,4106.00,6159.00,4106,2053,0.00,0.00,0,0
1547565024,s1-eth1,6204290.00,151700.00,6355990.00,151700,6204290,4115.00,2050.00,6165.00,2050,4115,0.00,0.00,0,0
1547565024,s3,0.00,1229.00,1229.00,1229,0,0.00,10.00,10.00,10,0,0.00,0.00,0,0
1547565024,s2-eth2,152929.00,6206074.00,6359003.00,6206074,152929,2060.00,4101.00,6161.00,4101,2060,0.00,0.00,0,0
1547565024,s2-eth1,6204370.00,151983.00,6356353.00,151983,6204370,4107.00,2053.00,6160.00,2053,4107,0.00,0.00,0,0
1547565024,lo,8805.00,8805.00,17610.00,8805,8805,94.00,94.00,188.00,94,94,0.00,0.00,0,0
1547565024,s4,0.00,0.00,0.00,0,0,0.00,0.00,0.00,0,0,0.00,0.00,0,0
1547565024,s3-eth2,154289.00,6205886.00,6360175.00,6205886,154289,2068.00,4099.00,6167.00,4099,2068,0.00,0.00,0,0
1547565024,s3-eth1,6206074.00,152929.00,6359003.00,152929,6206074,4101.00,2060.00,6161.00,2060,4101,0.00,0.00,0,0
1547565024,total,19083500.00,19085420.00,38168920.00,19085419,19083500,18608.00,18604.00,37212.00,18604,18608,0.00,0.00,0,0
1547565025,s5,0.00,0.00,0.00,0,0,0.00,0.00,0.00,0,0,0.00,0.00,0,0
1547565025,s1,0.00,3175.65,3175.65,3182,0,0.00,15.97,15.97,16,0,0.00,0.00,0,0
1547565025,eth0,151.70,183.63,335.33,184,152,2.00,2.00,3.99,2,2,0.00,0.00,0,0
1547565025,eth1,0.00,0.00,0.00,0,0,0.00,0.00,0.00,0,0,0.00,0.00,0,0
1547565025,s2,0.00,3954.09,3954.09,3962,0,0.00,18.96,18.96,19,0,0.00,0.00,0,0
1547565025,s1-eth2,153244.27,6185968.00,6339212.50,6204526,153704,2053.84,4099.70,6153.54,4112,2060,0.00,0.00,0,0
1547565025,s1-eth1,6188550.50,151320.05,6339870.50,151774,6207116,4105.68,2044.87,6150.55,2051,4118,0.00,0.00,0,0
1547565025,s3,0.00,3267.20,3267.20,3277,0,0.00,13.96,13.96,14,0,0.00,0.00,0,0
1547565025,s2-eth2,154661.02,6178857.50,6333518.50,6197394,155125,2059.82,4090.73,6150.55,4103,2066,0.00,0.00,0,0
1547565025,s2-eth1,6185968.00,153244.27,6339212.50,153704,6204526,4099.70,2053.84,6153.54,2060,4112,0.00,0.00,0,0
1547565025,lo,15190.43,15190.43,30380.86,15236,15236,143.57,143.57,287.14,144,144,0.00,0.00,0,0
1547565025,s4,0.00,0.00,0.00,0,0,0.00,0.00,0.00,0,0,0.00,0.00,0,0
1547565025,s3-eth2,155733.80,6185814.50,6341548.50,6204372,156201,2064.81,4085.74,6150.55,4098,2071,0.00,0.00,0,0
1547565025,s3-eth1,6180367.00,154661.02,6335028.00,155125,6198908,4091.72,2059.82,6151.55,2066,4104,0.00,0.00,0,0
1547565025,total,19033866.00,19035630.00,38069496.00,19092736,19090968,18621.14,18629.11,37250.25,18685,18677,0.00,0.00,0,0
1547565026,s5,0.00,0.00,0.00,0,0,0.00,0.00,0.00,0,0,0.00,0.00,0,0
1547565026,s1,0.00,1303.70,1303.70,1305,0,0.00,5.00,5.00,5,0,0.00,0.00,0,0
1547565026,eth0,0.00,183.82,183.82,184,0,0.00,2.00,2.00,2,0,0.00,0.00,0,0
1547565026,eth1,0.00,0.00,0.00,0,0,0.00,0.00,0.00,0,0,0.00,0.00,0,0
1547565026,s2,0.00,1475.52,1475.52,1477,0,0.00,5.99,5.99,6,0,0.00,0.00,0,0
1547565026,s1-eth2,151400.00,6192378.00,6343778.00,6192378,151400,2041.00,4095.00,6136.00,4095,2041,0.00,0.00,0,0
1547565026,s1-eth1,6188178.00,150886.00,6339064.00,150886,6188178,4093.00,2039.00,6132.00,2039,4093,0.00,0.00,0,0
1547565026,s3,0.00,1290.00,1290.00,1290,0,0.00,5.00,5.00,5,0,0.00,0.00,0,0
1547565026,s2-eth2,152102.00,6194737.00,6346839.00,6194737,152102,2043.00,4095.00,6138.00,4095,2043,0.00,0.00,0,0
1547565026,s2-eth1,6190864.00,151400.00,6342264.00,151400,6190864,4094.00,2041.00,6135.00,2041,4094,0.00,0.00,0,0
1547565026,lo,5851.00,5851.00,11702.00,5851,5851,57.00,57.00,114.00,57,57,0.00,0.00,0,0
1547565026,s4,0.00,0.00,0.00,0,0,0.00,0.00,0.00,0,0,0.00,0.00,0,0
1547565026,s3-eth2,152845.00,6189232.00,6342077.00,6189232,152845,2046.00,4088.00,6134.00,4088,2046,0.00,0.00,0,0
1547565026,s3-eth1,6193223.00,152102.00,6345325.00,152102,6193223,4094.00,2043.00,6137.00,2043,4094,0.00,0.00,0,0
1547565026,total,19034464.00,19040842.00,38075304.00,19040842,19034463,18468.00,18476.00,36944.00,18476,18468,0.00,0.00,0,0
1547565027,s5,0.00,0.00,0.00,0,0,0.00,0.00,0.00,0,0,0.00,0.00,0,0
1547565027,s1,0.00,701.00,701.00,701,0,0.00,3.00,3.00,3,0,0.00,0.00,0,0
1547565027,eth0,0.00,0.00,0.00,0,0,0.00,0.00,0.00,0,0,0.00,0.00,0,0
1547565027,eth1,0.00,0.00,0.00,0,0,0.00,0.00,0.00,0,0,0.00,0.00,0,0
1547565027,s2,0.00,107.00,107.00,107,0,0.00,1.00,1.00,1,0,0.00,0.00,0,0
1547565027,s1-eth2,152473.00,6239568.00,6392041.00,6239568,152473,2060.00,4123.00,6183.00,4123,2060,0.00,0.00,0,0
1547565027,s1-eth1,6238755.00,152440.00,6391195.00,152440,6238755,4125.00,2060.00,6185.00,2060,4125,0.00,0.00,0,0
1547565027,s3,0.00,107.00,107.00,107,0,0.00,1.00,1.00,1,0,0.00,0.00,0,0
1547565027,s2-eth2,152547.00,6240708.00,6393255.00,6240708,152547,2061.00,4122.00,6183.00,4122,2061,0.00,0.00,0,0
1547565027,s2-eth1,6239568.00,152473.00,6392041.00,152473,6239568,4123.00,2060.00,6183.00,2060,4123,0.00,0.00,0,0
1547565027,lo,1369.00,1369.00,2738.00,1369,1369,14.00,14.00,28.00,14,14,0.00,0.00,0,0
1547565027,s4,0.00,0.00,0.00,0,0,0.00,0.00,0.00,0,0,0.00,0.00,0,0
1547565027,s3-eth2,152847.00,6240708.00,6393555.00,6240708,152847,2062.00,4122.00,6184.00,4122,2062,0.00,0.00,0,0
1547565027,s3-eth1,6240708.00,152547.00,6393255.00,152547,6240708,4122.00,2061.00,6183.00,2061,4122,0.00,0.00,0,0
1547565027,total,19178268.00,19180728.00,38358996.00,19180728,19178267,18567.00,18567.00,37134.00,18567,18567,0.00,0.00,0,0
1547565028,s5,0.00,0.00,0.00,0,0,0.00,0.00,0.00,0,0,0.00,0.00,0,0
1547565028,s1,0.00,771.00,771.00,771,0,0.00,4.00,4.00,4,0,0.00,0.00,0,0
1547565028,eth0,60.00,60.00,120.00,60,60,1.00,1.00,2.00,1,1,0.00,0.00,0,0
1547565028,eth1,0.00,0.00,0.00,0,0,0.00,0.00,0.00,0,0,0.00,0.00,0,0
1547565028,s2,0.00,1038.00,1038.00,1038,0,0.00,5.00,5.00,5,0,0.00,0.00,0,0
1547565028,s1-eth2,153252.00,6239965.00,6393217.00,6239965,153252,2065.00,4125.00,6190.00,4125,2065,0.00,0.00,0,0
1547565028,s1-eth1,6238848.00,152514.00,6391362.00,152514,6238848,4126.00,2061.00,6187.00,2061,4126,0.00,0.00,0,0
1547565028,s3,0.00,1435.00,1435.00,1435,0,0.00,7.00,7.00,7,0,0.00,0.00,0,0
1547565028,s2-eth2,153949.00,6238054.00,6392003.00,6238054,153949,2068.00,4122.00,6190.00,4122,2068,0.00,0.00,0,0
1547565028,s2-eth1,6239965.00,153252.00,6393217.00,153252,6239965,4125.00,2065.00,6190.00,2065,4125,0.00,0.00,0,0
1547565028,lo,4921.00,4921.00,9842.00,4921,4921,48.00,48.00,96.00,48,48,0.00,0.00,0,0
1547565028,s4,0.00,0.00,0.00,0,0,0.00,0.00,0.00,0,0,0.00,0.00,0,0
1547565028,s3-eth2,154093.00,6239194.00,6393287.00,6239194,154093,2070.00,4121.00,6191.00,4121,2070,0.00,0.00,0,0
1547565028,s3-eth1,6238054.00,153949.00,6392003.00,153949,6238054,4122.00,2068.00,6190.00,2068,4122,0.00,0.00,0,0
1547565028,total,19183142.00,19185152.00,38368296.00,19185153,19183142,18625.00,18627.00,37252.00,18627,18625,0.00,0.00,0,0
1547565029,s5,0.00,0.00,0.00,0,0,0.00,0.00,0.00,0,0,0.00,0.00,0,0
1547565029,s1,0.00,397.00,397.00,397,0,0.00,2.00,2.00,2,0,0.00,0.00,0,0
1547565029,eth0,0.00,162.00,162.00,162,0,0.00,1.00,1.00,1,0,0.00,0.00,0,0
1547565029,eth1,0.00,0.00,0.00,0,0,0.00,0.00,0.00,0,0,0.00,0.00,0,0
1547565029,s2,0.00,397.00,397.00,397,0,0.00,2.00,2.00,2,0,0.00,0.00,0,0
1547565029,s1-eth2,149924.00,6139667.00,6289591.00,6139667,149924,2026.00,4057.00,6083.00,4057,2026,0.00,0.00,0,0
1547565029,s1-eth1,6139667.00,149924.00,6289591.00,149924,6139667,4057.00,2026.00,6083.00,2026,4057,0.00,0.00,0,0
1547565029,s3,0.00,0.00,0.00,0,0,0.00,0.00,0.00,0,0,0.00,0.00,0,0
1547565029,s2-eth2,149924.00,6139667.00,6289591.00,6139667,149924,2026.00,4057.00,6083.00,4057,2026,0.00,0.00,0,0
1547565029,s2-eth1,6139667.00,149924.00,6289591.00,149924,6139667,4057.00,2026.00,6083.00,2026,4057,0.00,0.00,0,0
1547565029,lo,1188.00,1188.00,2376.00,1188,1188,12.00,12.00,24.00,12,12,0.00,0.00,0,0
1547565029,s4,0.00,0.00,0.00,0,0,0.00,0.00,0.00,0,0,0.00,0.00,0,0
1547565029,s3-eth2,150177.00,6142298.00,6292475.00,6142298,150177,2026.00,4057.00,6083.00,4057,2026,0.00,0.00,0,0
1547565029,s3-eth1,6139667.00,149924.00,6289591.00,149924,6139667,4057.00,2026.00,6083.00,2026,4057,0.00,0.00,0,0
1547565029,total,18870214.00,18873548.00,37743760.00,18873548,18870214,18261.00,18266.00,36527.00,18266,18261,0.00,0.00,0,0
1547565030,s5,0.00,0.00,0.00,0,0,0.00,0.00,0.00,0,0,0.00,0.00,0,0
1547565030,s1,0.00,0.00,0.00,0,0,0.00,0.00,0.00,0,0,0.00,0.00,0,0
1547565030,eth0,0.00,0.00,0.00,0,0,0.00,0.00,0.00,0,0,0.00,0.00,0,0
1547565030,eth1,0.00,0.00,0.00,0,0,0.00,0.00,0.00,0,0,0.00,0.00,0,0
1547565030,s2,0.00,0.00,0.00,0,0,0.00,0.00,0.00,0,0,0.00,0.00,0,0
1547565030,s1-eth2,152662.00,6245250.00,6397912.00,6245250,152662,2063.00,4125.00,6188.00,4125,2063,0.00,0.00,0,0
1547565030,s1-eth1,6245250.00,152662.00,6397912.00,152662,6245250,4125.00,2063.00,6188.00,2063,4125,0.00,0.00,0,0
1547565030,s3,0.00,342.00,342.00,342,0,0.00,1.00,1.00,1,0,0.00,0.00,0,0
1547565030,s2-eth2,153004.00,6245250.00,6398254.00,6245250,153004,2064.00,4125.00,6189.00,4125,2064,0.00,0.00,0,0
1547565030,s2-eth1,6245250.00,152662.00,6397912.00,152662,6245250,4125.00,2063.00,6188.00,2063,4125,0.00,0.00,0,0
1547565030,lo,326.00,326.00,652.00,326,326,3.00,3.00,6.00,3,3,0.00,0.00,0,0
1547565030,s4,0.00,0.00,0.00,0,0,0.00,0.00,0.00,0,0,0.00,0.00,0,0
1547565030,s3-eth2,153346.00,6245250.00,6398596.00,6245250,153346,2065.00,4125.00,6190.00,4125,2065,0.00,0.00,0,0
1547565030,s3-eth1,6245250.00,153004.00,6398254.00,153004,6245250,4125.00,2064.00,6189.00,2064,4125,0.00,0.00,0,0
1547565030,total,19195088.00,19194746.00,38389832.00,19194746,19195088,18570.00,18569.00,37139.00,18569,18570,0.00,0.00,0,0
1547565031,s5,0.00,0.00,0.00,0,0,0.00,0.00,0.00,0,0,0.00,0.00,0,0
1547565031,s1,0.00,107.00,107.00,107,0,0.00,1.00,1.00,1,0,0.00,0.00,0,0
1547565031,eth0,0.00,0.00,0.00,0,0,0.00,0.00,0.00,0,0,0.00,0.00,0,0
1547565031,eth1,0.00,0.00,0.00,0,0,0.00,0.00,0.00,0,0,0.00,0.00,0,0
1547565031,s2,0.00,107.00,107.00,107,0,0.00,1.00,1.00,1,0,0.00,0.00,0,0
1547565031,s1-eth2,152399.00,6233245.00,6385644.00,6233245,152399,2059.00,4118.00,6177.00,4118,2059,0.00,0.00,0,0
1547565031,s1-eth1,6233352.00,152366.00,6385718.00,152366,6233352,4119.00,2059.00,6178.00,2059,4119,0.00,0.00,0,0
1547565031,s3,0.00,107.00,107.00,107,0,0.00,1.00,1.00,1,0,0.00,0.00,0,0
1547565031,s2-eth2,152473.00,6233138.00,6385611.00,6233138,152473,2060.00,4117.00,6177.00,4117,2060,0.00,0.00,0,0
1547565031,s2-eth1,6233245.00,152399.00,6385644.00,152399,6233245,4118.00,2059.00,6177.00,2059,4118,0.00,0.00,0,0
1547565031,lo,1259.00,1259.00,2518.00,1259,1259,15.00,15.00,30.00,15,15,0.00,0.00,0,0
1547565031,s4,0.00,0.00,0.00,0,0,0.00,0.00,0.00,0,0,0.00,0.00,0,0
1547565031,s3-eth2,152580.00,6233138.00,6385718.00,6233138,152580,2061.00,4117.00,6178.00,4117,2061,0.00,0.00,0,0
1547565031,s3-eth1,6233138.00,152473.00,6385611.00,152473,6233138,4117.00,2060.00,6177.00,2060,4117,0.00,0.00,0,0
1547565031,total,19158446.00,19158340.00,38316784.00,19158339,19158446,18549.00,18548.00,37097.00,18548,18549,0.00,0.00,0,0
1547565032,s5,0.00,0.00,0.00,0,0,0.00,0.00,0.00,0,0,0.00,0.00,0,0
1547565032,s1,0.00,519.00,519.00,519,0,0.00,3.00,3.00,3,0,0.00,0.00,0,0
1547565032,eth0,0.00,0.00,0.00,0,0,0.00,0.00,0.00,0,0,0.00,0.00,0,0
1547565032,eth1,0.00,0.00,0.00,0,0,0.00,0.00,0.00,0,0,0.00,0.00,0,0
1547565032,s2,0.00,519.00,519.00,519,0,0.00,3.00,3.00,3,0,0.00,0.00,0,0
1547565032,s1-eth2,150882.00,6173097.00,6323979.00,6173097,150882,2039.00,4080.00,6119.00,4080,2039,0.00,0.00,0,0
1547565032,s1-eth1,6173509.00,150812.00,6324321.00,150812,6173509,4082.00,2038.00,6120.00,2038,4082,0.00,0.00,0,0
1547565032,s3,0.00,247.00,247.00,247,0,0.00,3.00,3.00,3,0,0.00,0.00,0,0
1547565032,s2-eth2,150985.00,6173027.00,6324012.00,6173027,150985,2040.00,4079.00,6119.00,4079,2040,0.00,0.00,0,0
1547565032,s2-eth1,6173097.00,150882.00,6323979.00,150882,6173097,4080.00,2039.00,6119.00,2039,4080,0.00,0.00,0,0
1547565032,lo,2639.00,2639.00,5278.00,2639,2639,27.00,27.00,54.00,27,27,0.00,0.00,0,0
1547565032,s4,0.00,0.00,0.00,0,0,0.00,0.00,0.00,0,0,0.00,0.00,0,0
1547565032,s3-eth2,151129.00,6171064.00,6322193.00,6171064,151129,2042.00,4076.00,6118.00,4076,2042,0.00,0.00,0,0
1547565032,s3-eth1,6173027.00,150985.00,6324012.00,150985,6173027,4079.00,2040.00,6119.00,2040,4079,0.00,0.00,0,0
1547565032,total,18975268.00,18973792.00,37949060.00,18973791,18975268,18389.00,18388.00,36777.00,18388,18389,0.00,0.00,0,0
1547565033,s5,0.00,0.00,0.00,0,0,0.00,0.00,0.00,0,0,0.00,0.00,0,0
1547565033,s1,0.00,412.00,412.00,412,0,0.00,2.00,2.00,2,0,0.00,0.00,0,0
1547565033,eth0,0.00,284.00,284.00,284,0,0.00,2.00,2.00,2,0,0.00,0.00,0,0
1547565033,eth1,0.00,0.00,0.00,0,0,0.00,0.00,0.00,0,0,0.00,0.00,0,0
1547565033,s2,0.00,70.00,70.00,70,0,0.00,1.00,1.00,1,0,0.00,0.00,0,0
1547565033,s1-eth2,152662.00,6245662.00,6398324.00,6245662,152662,2063.00,4127.00,6190.00,4127,2063,0.00,0.00,0,0
1547565033,s1-eth1,6245662.00,152662.00,6398324.00,152662,6245662,4127.00,2063.00,6190.00,2063,4127,0.00,0.00,0,0
1547565033,s3,0.00,0.00,0.00,0,0,0.00,0.00,0.00,0,0,0.00,0.00,0,0
1547565033,s2-eth2,152662.00,6243806.00,6396468.00,6243806,152662,2063.00,4125.00,6188.00,4125,2063,0.00,0.00,0,0
1547565033,s2-eth1,6245662.00,152662.00,6398324.00,152662,6245662,4127.00,2063.00,6190.00,2063,4127,0.00,0.00,0,0
1547565033,lo,862.00,862.00,1724.00,862,862,9.00,9.00,18.00,9,9,0.00,0.00,0,0
1547565033,s4,0.00,0.00,0.00,0,0,0.00,0.00,0.00,0,0,0.00,0.00,0,0
1547565033,s3-eth2,152662.00,6243736.00,6396398.00,6243736,152662,2063.00,4124.00,6187.00,4124,2063,0.00,0.00,0,0
1547565033,s3-eth1,6243806.00,152662.00,6396468.00,152662,6243806,4125.00,2063.00,6188.00,2063,4125,0.00,0.00,0,0
1547565033,total,19193978.00,19192818.00,38386796.00,19192818,19193978,18577.00,18579.00,37156.00,18579,18577,0.00,0.00,0,0
1547565034,s5,0.00,0.00,0.00,0,0,0.00,0.00,0.00,0,0,0.00,0.00,0,0
1547565034,s1,0.00,0.00,0.00,0,0,0.00,0.00,0.00,0,0,0.00,0.00,0,0
1547565034,eth0,0.00,0.00,0.00,0,0,0.00,0.00,0.00,0,0,0.00,0.00,0,0
1547565034,eth1,0.00,0.00,0.00,0,0,0.00,0.00,0.00,0,0,0.00,0.00,0,0
1547565034,s2,0.00,0.00,0.00,0,0,0.00,0.00,0.00,0,0,0.00,0.00,0,0
1547565034,s1-eth2,151626.00,6205886.00,6357512.00,6205886,151626,2049.00,4099.00,6148.00,4099,2049,0.00,0.00,0,0
1547565034,s1-eth1,6205886.00,151626.00,6357512.00,151626,6205886,4099.00,2049.00,6148.00,2049,4099,0.00,0.00,0,0
1547565034,s3,0.00,0.00,0.00,0,0,0.00,0.00,0.00,0,0,0.00,0.00,0,0
1547565034,s2-eth2,151700.00,6205886.00,6357586.00,6205886,151700,2050.00,4099.00,6149.00,4099,2050,0.00,0.00,0,0
1547565034,s2-eth1,6205886.00,151626.00,6357512.00,151626,6205886,4099.00,2049.00,6148.00,2049,4099,0.00,0.00,0,0
1547565034,lo,0.00,0.00,0.00,0,0,0.00,0.00,0.00,0,0,0.00,0.00,0,0
1547565034,s4,0.00,0.00,0.00,0,0,0.00,0.00,0.00,0,0,0.00,0.00,0,0
1547565034,s3-eth2,151626.00,6205886.00,6357512.00,6205886,151626,2049.00,4099.00,6148.00,4099,2049,0.00,0.00,0,0
1547565034,s3-eth1,6205886.00,151700.00,6357586.00,151700,6205886,4099.00,2050.00,6149.00,2050,4099,0.00,0.00,0,0
1547565034,total,19072610.00,19072610.00,38145220.00,19072610,19072610,18445.00,18445.00,36890.00,18445,18445,0.00,0.00,0,0
1547565035,s5,0.00,0.00,0.00,0,0,0.00,0.00,0.00,0,0,0.00,0.00,0,0
1547565035,s1,0.00,0.00,0.00,0,0,0.00,0.00,0.00,0,0,0.00,0.00,0,0
1547565035,eth0,0.00,0.00,0.00,0,0,0.00,0.00,0.00,0,0,0.00,0.00,0,0
1547565035,eth1,0.00,0.00,0.00,0,0,0.00,0.00,0.00,0,0,0.00,0.00,0,0
1547565035,s2,0.00,0.00,0.00,0,0,0.00,0.00,0.00,0,0,0.00,0.00,0,0
1547565035,s1-eth2,151626.00,6201344.00,6352970.00,6201344,151626,2049.00,4096.00,6145.00,4096,2049,0.00,0.00,0,0
1547565035,s1-eth1,6202858.00,151626.00,6354484.00,151626,6202858,4097.00,2049.00,6146.00,2049,4097,0.00,0.00,0,0
1547565035,s3,0.00,0.00,0.00,0,0,0.00,0.00,0.00,0,0,0.00,0.00,0,0
1547565035,s2-eth2,151552.00,6202858.00,6354410.00,6202858,151552,2048.00,4097.00,6145.00,4097,2048,0.00,0.00,0,0
1547565035,s2-eth1,6201344.00,151626.00,6352970.00,151626,6201344,4096.00,2049.00,6145.00,2049,4096,0.00,0.00,0,0
1547565035,lo,0.00,0.00,0.00,0,0,0.00,0.00,0.00,0,0,0.00,0.00,0,0
1547565035,s4,0.00,0.00,0.00,0,0,0.00,0.00,0.00,0,0,0.00,0.00,0,0
1547565035,s3-eth2,151626.00,6207400.00,6359026.00,6207400,151626,2049.00,4100.00,6149.00,4100,2049,0.00,0.00,0,0
1547565035,s3-eth1,6202858.00,151552.00,6354410.00,151552,6202858,4097.00,2048.00,6145.00,2048,4097,0.00,0.00,0,0
1547565035,total,19061864.00,19066406.00,38128272.00,19066406,19061864,18436.00,18439.00,36875.00,18439,18436,0.00,0.00,0,0
1547565036,s5,0.00,0.00,0.00,0,0,0.00,0.00,0.00,0,0,0.00,0.00,0,0
1547565036,s1,0.00,0.00,0.00,0,0,0.00,0.00,0.00,0,0,0.00,0.00,0,0
1547565036,eth0,0.00,0.00,0.00,0,0,0.00,0.00,0.00,0,0,0.00,0.00,0,0
1547565036,eth1,0.00,0.00,0.00,0,0,0.00,0.00,0.00,0,0,0.00,0.00,0,0
1547565036,s2,0.00,0.00,0.00,0,0,0.00,0.00,0.00,0,0,0.00,0.00,0,0
1547565036,s1-eth2,60618.00,2281244.00,2341862.00,2281244,60618,819.00,1510.00,2329.00,1510,819,0.00,0.00,0,0
1547565036,s1-eth1,2349374.00,59064.00,2408438.00,59064,2349374,1555.00,798.00,2353.00,798,1555,0.00,0.00,0,0
1547565036,s3,0.00,0.00,0.00,0,0,0.00,0.00,0.00,0,0,0.00,0.00,0,0
1547565036,s2-eth2,62172.00,2211600.00,2273772.00,2211600,62172,840.00,1464.00,2304.00,1464,840,0.00,0.00,0,0
1547565036,s2-eth1,2281244.00,60618.00,2341862.00,60618,2281244,1510.00,819.00,2329.00,819,1510,0.00,0.00,0,0
1547565036,lo,344.00,344.00,688.00,344,344,6.00,6.00,12.00,6,6,0.00,0.00,0,0
1547565036,s4,0.00,0.00,0.00,0,0,0.00,0.00,0.00,0,0,0.00,0.00,0,0
1547565036,s3-eth2,63652.00,2126816.00,2190468.00,2126816,63652,860.00,1408.00,2268.00,1408,860,0.00,0.00,0,0
1547565036,s3-eth1,2211600.00,62172.00,2273772.00,62172,2211600,1464.00,840.00,2304.00,840,1464,0.00,0.00,0,0
1547565036,total,7029004.00,6801858.00,13830862.00,6801858,7029004,7054.00,6845.00,13899.00,6845,7054,0.00,0.00,0,0
1547565037,s5,0.00,0.00,0.00,0,0,0.00,0.00,0.00,0,0,0.00,0.00,0,0
1547565037,s1,0.00,0.00,0.00,0,0,0.00,0.00,0.00,0,0,0.00,0.00,0,0
1547565037,eth0,0.00,0.00,0.00,0,0,0.00,0.00,0.00,0,0,0.00,0.00,0,0
1547565037,eth1,0.00,0.00,0.00,0,0,0.00,0.00,0.00,0,0,0.00,0.00,0,0
1547565037,s2,0.00,0.00,0.00,0,0,0.00,0.00,0.00,0,0,0.00,0.00,0,0
1547565037,s1-eth2,0.00,0.00,0.00,0,0,0.00,0.00,0.00,0,0,0.00,0.00,0,0
1547565037,s1-eth1,0.00,0.00,0.00,0,0,0.00,0.00,0.00,0,0,0.00,0.00,0,0
1547565037,s3,0.00,342.00,342.00,342,0,0.00,1.00,1.00,1,0,0.00,0.00,0,0
1547565037,s2-eth2,342.00,0.00,342.00,0,342,1.00,0.00,1.00,0,1,0.00,0.00,0,0
1547565037,s2-eth1,0.00,0.00,0.00,0,0,0.00,0.00,0.00,0,0,0.00,0.00,0,0
1547565037,lo,670.00,670.00,1340.00,670,670,9.00,9.00,18.00,9,9,0.00,0.00,0,0
1547565037,s4,0.00,0.00,0.00,0,0,0.00,0.00,0.00,0,0,0.00,0.00,0,0
1547565037,s3-eth2,342.00,0.00,342.00,0,342,1.00,0.00,1.00,0,1,0.00,0.00,0,0
1547565037,s3-eth1,0.00,342.00,342.00,342,0,0.00,1.00,1.00,1,0,0.00,0.00,0,0
1547565037,total,1354.00,1354.00,2708.00,1354,1354,11.00,11.00,22.00,11,11,0.00,0.00,0,0
1547565038,s5,0.00,0.00,0.00,0,0,0.00,0.00,0.00,0,0,0.00,0.00,0,0
1547565038,s1,0.00,0.00,0.00,0,0,0.00,0.00,0.00,0,0,0.00,0.00,0,0
1547565038,eth0,0.00,0.00,0.00,0,0,0.00,0.00,0.00,0,0,0.00,0.00,0,0
1547565038,eth1,0.00,0.00,0.00,0,0,0.00,0.00,0.00,0,0,0.00,0.00,0,0
1547565038,s2,0.00,0.00,0.00,0,0,0.00,0.00,0.00,0,0,0.00,0.00,0,0
1547565038,s1-eth2,0.00,0.00,0.00,0,0,0.00,0.00,0.00,0,0,0.00,0.00,0,0
1547565038,s1-eth1,0.00,0.00,0.00,0,0,0.00,0.00,0.00,0,0,0.00,0.00,0,0
1547565038,s3,0.00,0.00,0.00,0,0,0.00,0.00,0.00,0,0,0.00,0.00,0,0
1547565038,s2-eth2,0.00,0.00,0.00,0,0,0.00,0.00,0.00,0,0,0.00,0.00,0,0
1547565038,s2-eth1,0.00,0.00,0.00,0,0,0.00,0.00,0.00,0,0,0.00,0.00,0,0
1547565038,lo,172.00,172.00,344.00,172,172,3.00,3.00,6.00,3,3,0.00,0.00,0,0
1547565038,s4,0.00,0.00,0.00,0,0,0.00,0.00,0.00,0,0,0.00,0.00,0,0
1547565038,s3-eth2,0.00,0.00,0.00,0,0,0.00,0.00,0.00,0,0,0.00,0.00,0,0
1547565038,s3-eth1,0.00,0.00,0.00,0,0,0.00,0.00,0.00,0,0,0.00,0.00,0,0
1547565038,total,172.00,172.00,344.00,172,172,3.00,3.00,6.00,3,3,0.00,0.00,0,0
1547565039,s5,0.00,0.00,0.00,0,0,0.00,0.00,0.00,0,0,0.00,0.00,0,0
1547565039,s1,0.00,107.00,107.00,107,0,0.00,1.00,1.00,1,0,0.00,0.00,0,0
1547565039,eth0,0.00,0.00,0.00,0,0,0.00,0.00,0.00,0,0,0.00,0.00,0,0
1547565039,eth1,0.00,0.00,0.00,0,0,0.00,0.00,0.00,0,0,0.00,0.00,0,0
1547565039,s2,0.00,107.00,107.00,107,0,0.00,1.00,1.00,1,0,0.00,0.00,0,0
1547565039,s1-eth2,107.00,107.00,214.00,107,107,1.00,1.00,2.00,1,1,0.00,0.00,0,0
1547565039,s1-eth1,214.00,0.00,214.00,0,214,2.00,0.00,2.00,0,2,0.00,0.00,0,0
1547565039,s3,0.00,107.00,107.00,107,0,0.00,1.00,1.00,1,0,0.00,0.00,0,0
1547565039,s2-eth2,107.00,0.00,107.00,0,107,1.00,0.00,1.00,0,1,0.00,0.00,0,0
1547565039,s2-eth1,107.00,107.00,214.00,107,107,1.00,1.00,2.00,1,1,0.00,0.00,0,0
1547565039,lo,915.00,915.00,1830.00,915,915,9.00,9.00,18.00,9,9,0.00,0.00,0,0
1547565039,s4,0.00,0.00,0.00,0,0,0.00,0.00,0.00,0,0,0.00,0.00,0,0
1547565039,s3-eth2,214.00,0.00,214.00,0,214,2.00,0.00,2.00,0,2,0.00,0.00,0,0
1547565039,s3-eth1,0.00,107.00,107.00,107,0,0.00,1.00,1.00,1,0,0.00,0.00,0,0
1547565039,total,1664.00,1557.00,3221.00,1557,1664,16.00,15.00,31.00,15,16,0.00,0.00,0,0
1547565040,s5,0.00,0.00,0.00,0,0,0.00,0.00,0.00,0,0,0.00,0.00,0,0
1547565040,s1,0.00,107.00,107.00,107,0,0.00,1.00,1.00,1,0,0.00,0.00,0,0
1547565040,eth0,0.00,0.00,0.00,0,0,0.00,0.00,0.00,0,0,0.00,0.00,0,0
1547565040,eth1,0.00,0.00,0.00,0,0,0.00,0.00,0.00,0,0,0.00,0.00,0,0
1547565040,s2,0.00,107.00,107.00,107,0,0.00,1.00,1.00,1,0,0.00,0.00,0,0
1547565040,s1-eth2,0.00,107.00,107.00,107,0,0.00,1.00,1.00,1,0,0.00,0.00,0,0
1547565040,s1-eth1,107.00,0.00,107.00,0,107,1.00,0.00,1.00,0,1,0.00,0.00,0,0
1547565040,s3,0.00,107.00,107.00,107,0,0.00,1.00,1.00,1,0,0.00,0.00,0,0
1547565040,s2-eth2,107.00,107.00,214.00,107,107,1.00,1.00,2.00,1,1,0.00,0.00,0,0
1547565040,s2-eth1,107.00,0.00,107.00,0,107,1.00,0.00,1.00,0,1,0.00,0.00,0,0
1547565040,lo,915.00,915.00,1830.00,915,915,9.00,9.00,18.00,9,9,0.00,0.00,0,0
1547565040,s4,0.00,0.00,0.00,0,0,0.00,0.00,0.00,0,0,0.00,0.00,0,0
1547565040,s3-eth2,107.00,0.00,107.00,0,107,1.00,0.00,1.00,0,1,0.00,0.00,0,0
1547565040,s3-eth1,107.00,107.00,214.00,107,107,1.00,1.00,2.00,1,1,0.00,0.00,0,0
1547565040,total,1450.00,1557.00,3007.00,1557,1450,14.00,15.00,29.00,15,14,0.00,0.00,0,0
1547565041,s5,0.00,0.00,0.00,0,0,0.00,0.00,0.00,0,0,0.00,0.00,0,0
1547565041,s1,0.00,342.00,342.00,342,0,0.00,1.00,1.00,1,0,0.00,0.00,0,0
1547565041,eth0,0.00,0.00,0.00,0,0,0.00,0.00,0.00,0,0,0.00,0.00,0,0
1547565041,eth1,0.00,0.00,0.00,0,0,0.00,0.00,0.00,0,0,0.00,0.00,0,0
1547565041,s2,0.00,0.00,0.00,0,0,0.00,0.00,0.00,0,0,0.00,0.00,0,0
1547565041,s1-eth2,0.00,342.00,342.00,342,0,0.00,1.00,1.00,1,0,0.00,0.00,0,0
1547565041,s1-eth1,342.00,0.00,342.00,0,342,1.00,0.00,1.00,0,1,0.00,0.00,0,0
1547565041,s3,0.00,0.00,0.00,0,0,0.00,0.00,0.00,0,0,0.00,0.00,0,0
1547565041,s2-eth2,0.00,0.00,0.00,0,0,0.00,0.00,0.00,0,0,0.00,0.00,0,0
1547565041,s2-eth1,342.00,0.00,342.00,0,342,1.00,0.00,1.00,0,1,0.00,0.00,0,0
1547565041,lo,670.00,670.00,1340.00,670,670,9.00,9.00,18.00,9,9,0.00,0.00,0,0
1547565041,s4,0.00,0.00,0.00,0,0,0.00,0.00,0.00,0,0,0.00,0.00,0,0
1547565041,s3-eth2,342.00,0.00,342.00,0,342,1.00,0.00,1.00,0,1,0.00,0.00,0,0
1547565041,s3-eth1,0.00,0.00,0.00,0,0,0.00,0.00,0.00,0,0,0.00,0.00,0,0
1547565041,total,1696.00,1354.00,3050.00,1354,1696,12.00,11.00,23.00,11,12,0.00,0.00,0,0
1547565042,s5,0.00,0.00,0.00,0,0,0.00,0.00,0.00,0,0,0.00,0.00,0,0
1547565042,s1,0.00,0.00,0.00,0,0,0.00,0.00,0.00,0,0,0.00,0.00,0,0
1547565042,eth0,0.00,0.00,0.00,0,0,0.00,0.00,0.00,0,0,0.00,0.00,0,0
1547565042,eth1,0.00,0.00,0.00,0,0,0.00,0.00,0.00,0,0,0.00,0.00,0,0
1547565042,s2,0.00,0.00,0.00,0,0,0.00,0.00,0.00,0,0,0.00,0.00,0,0
1547565042,s1-eth2,0.00,0.00,0.00,0,0,0.00,0.00,0.00,0,0,0.00,0.00,0,0
1547565042,s1-eth1,0.00,0.00,0.00,0,0,0.00,0.00,0.00,0,0,0.00,0.00,0,0
1547565042,s3,0.00,0.00,0.00,0,0,0.00,0.00,0.00,0,0,0.00,0.00,0,0
1547565042,s2-eth2,0.00,0.00,0.00,0,0,0.00,0.00,0.00,0,0,0.00,0.00,0,0
1547565042,s2-eth1,0.00,0.00,0.00,0,0,0.00,0.00,0.00,0,0,0.00,0.00,0,0
1547565042,lo,0.00,0.00,0.00,0,0,0.00,0.00,0.00,0,0,0.00,0.00,0,0
1547565042,s4,0.00,0.00,0.00,0,0,0.00,0.00,0.00,0,0,0.00,0.00,0,0
1547565042,s3-eth2,0.00,0.00,0.00,0,0,0.00,0.00,0.00,0,0,0.00,0.00,0,0
1547565042,s3-eth1,0.00,0.00,0.00,0,0,0.00,0.00,0.00,0,0,0.00,0.00,0,0
1547565042,total,0.00,0.00,0.00,0,0,0.00,0.00,0.00,0,0,0.00,0.00,0,0
1547565043,s5,0.00,0.00,0.00,0,0,0.00,0.00,0.00,0,0,0.00,0.00,0,0
1547565043,s1,0.00,0.00,0.00,0,0,0.00,0.00,0.00,0,0,0.00,0.00,0,0
1547565043,eth0,0.00,0.00,0.00,0,0,0.00,0.00,0.00,0,0,0.00,0.00,0,0
1547565043,eth1,0.00,0.00,0.00,0,0,0.00,0.00,0.00,0,0,0.00,0.00,0,0
1547565043,s2,0.00,0.00,0.00,0,0,0.00,0.00,0.00,0,0,0.00,0.00,0,0
1547565043,s1-eth2,0.00,0.00,0.00,0,0,0.00,0.00,0.00,0,0,0.00,0.00,0,0
1547565043,s1-eth1,0.00,0.00,0.00,0,0,0.00,0.00,0.00,0,0,0.00,0.00,0,0
1547565043,s3,0.00,0.00,0.00,0,0,0.00,0.00,0.00,0,0,0.00,0.00,0,0
1547565043,s2-eth2,0.00,0.00,0.00,0,0,0.00,0.00,0.00,0,0,0.00,0.00,0,0
1547565043,s2-eth1,0.00,0.00,0.00,0,0,0.00,0.00,0.00,0,0,0.00,0.00,0,0
1547565043,lo,0.00,0.00,0.00,0,0,0.00,0.00,0.00,0,0,0.00,0.00,0,0
1